Channel_1,Channel_2,Channel_3,Channel_4,Channel_5,Channel_6,Channel_7,Channel_8,Channel_9,Channel_10,Channel_11,Channel_12,Channel_13,Channel_14,Channel_15,Channel_16
81911.5885390745,61415.44120495811,16819.03950202936,14927.992514132562,-16689.041756277296,-12759.292156611938,15355.380219862489,33209.14902796138,-187500.02235174447,-3704.242849855763,8972.459610993816,-12148.26251843721,-8541.54032963995,3600.7989765166017,-187500.02235174447,12413.041283254777
75033.68854924304,52510.305048263675,15118.965818758705,15848.839682202302,-16188.96617757871,-11009.664655883867,13297.29864565118,31397.718953814383,-187500.02235174447,-3629.208043719297,8872.18968536731,-13267.324956336613,-8845.769923421136,3292.881344900292,-187500.02235174447,13078.005680800163
76379.9341177862,55466.7926391116,16243.593841027481,15353.033286694681,-16325.870612367466,-12415.8799548006,14520.363750501127,33419.30012933018,-187500.02235174447,-3033.2658330519002,9466.20964601155,-12439.50574868986,-8299.850916844716,4081.8532206837203,-187500.02235174447,10480.64356811566
80778.73507484616,59241.44348400158,15989.230989126087,15127.437129907266,-16684.482000408414,-11838.444988542198,14635.721103634967,31760.733635513025,-187500.02235174447,-4246.116190685772,8449.853473884283,-12660.206873441562,-9025.142672674976,2970.144506710113,-187500.02235174447,14271.29826203564
72570.6827724794,50633.54082507382,15241.4980818627,15847.386818812707,-16061.963565583656,-11417.02519858184,13304.384148643512,32392.840968709108,-187500.02235174447,-2935.923985949038,9451.211625482038,-13034.53153783459,-8475.513276518974,3938.936166636487,-187500.02235174447,10743.991821288088
81630.4706490601,61315.30538979833,16724.871602639152,14862.010164500496,-16744.16115810408,-12788.282369170473,15387.991415022781,33245.0459295566,-187500.02235174447,-3752.3214521791283,8919.15070046791,-12201.012635351735,-8589.797745918959,3549.5911299694935,-187500.02235174447,12389.706062043437
74846.31387547421,52498.7938998692,15041.986410854628,15779.951605791046,-16236.240117101685,-11042.655830699901,13301.567828842144,31370.807453490193,-187500.02235174447,-3674.850305897034,8821.428873709307,-13300.047910219182,-8905.180860183342,3251.7317833580714,-187500.02235174447,13106.884134636419
76010.23626449541,55261.871845945345,16165.742715089646,15330.145100372447,-16339.594583463024,-12408.928562275001,14448.61465079959,33388.49942547076,-187500.02235174447,-3057.6068827637296,9444.81902656782,-12467.691298448002,-8323.610821200708,4036.4791794394473,-187500.02235174447,10404.558229989796
80638.58963711139,59301.301455652894,15982.860741956323,15125.224307206192,-16684.414945175045,-11847.698610746696,14600.785327051322,31766.47803383804,-187500.02235174447,-4240.103571427295,8448.825293639338,-12646.684068046103,-9027.199033164863,3005.8402426052385,-187500.02235174447,14198.85625825599
72295.37633602337,50509.4215881135,15215.30183736108,15867.145760911199,-16055.973298069634,-11390.739547102397,13209.009255052717,32341.92369483992,-187500.02235174447,-2919.8754334301275,9464.913244833142,-13030.06118894353,-8472.540494506418,3943.831198672199,-187500.02235174447,10691.01818692901
81386.03197169685,61237.07428420476,16744.228213337447,14897.750603884531,-16722.457614237977,-12763.293118869438,15321.673789223885,33249.82920287004,-187500.02235174447,-3714.9046319609442,8942.329459468063,-12191.200219535855,-8575.671443423205,3568.925388923334,-187500.02235174447,12259.015412213257
74734.82337413113,52532.79090318572,15073.770591470075,15820.117690577234,-16220.9291721498,-10998.421728422849,13267.347308081069,31367.991133688825,-187500.02235174447,-3688.7754426926904,8845.769923421136,-13259.255976588247,-8918.033113245143,3258.772582861493,-187500.02235174447,13089.092146049994
75709.73941203827,55078.74400362301,16199.583256194981,15396.596836638075,-16285.838638048011,-12345.58371848866,14424.586525510136,33413.71219321635,-187500.02235174447,-2990.2610767198894,9509.683788977121,-12430.542699163283,-8298.554515666308,4089.1845928650614,-187500.02235174447,10334.753732055871
80570.79679617845,59398.15156437774,16061.158902783263,15166.262110026135,-16641.276078376304,-11818.730749932618,14684.134982125162,31849.850040656336,-187500.02235174447,-4188.269876035438,8505.129337922257,-12584.993253349454,-8974.694785439347,3077.6787492845956,-187500.02235174447,14175.9457201893
72120.8762670608,50434.11856104357,15241.945116751805,15892.71615656807,-16027.564230866938,-11356.988412974884,13296.24811366178,32373.730227199823,-187500.02235174447,-2904.2962675447784,9485.92388462113,-13028.00482845364,-8447.014802338457,3957.868094190132,-187500.02235174447,10736.8839665513
81278.72124656693,61220.06460667427,16783.544931834334,14882.640824632745,-16709.15832628707,-12789.087031970863,15477.44309633292,33319.96897697079,-187500.02235174447,-3713.4294168268943,8959.070916065088,-12194.485925970785,-8583.98629236058,3612.1760144443533,-187500.02235174447,12279.042575245212
74806.57247383267,52652.81977091072,15096.032928947561,15773.156675476632,-16229.311076320539,-11031.837586383532,13449.84930155865,31392.488645611844,-187500.02235174447,-3718.123283162509,8805.246210723664,-13287.665043790943,-8911.19347944182,3234.6326988497617,-187500.02235174447,13246.71664794882
75623.9981203077,54994.612037493236,16190.083764801475,15366.243167667768,-16279.289576922605,-12372.0705356682,14593.342196147705,33440.13195516252,-187500.02235174447,-3017.396094488632,9491.154192823673,-12470.462914760461,-8301.192021512035,4043.9446620875196,-187500.02235174447,10444.657259542617
80787.00522029462,59622.116043819915,16080.314347781463,15095.965873714194,-16677.687070093998,-11891.172753712268,14921.845784407353,31912.16670419773,-187500.02235174447,-4225.887861953719,8463.62214846875,-12609.8260414393,-9007.64125676647,3058.9703391755033,-187500.02235174447,14342.443864636884
72250.4046261793,50491.98722743836,15207.858706457462,15839.809577442358,-16058.56610042645,-11386.425660422525,13456.71128710643,32365.080102095617,-187500.02235174447,-2999.492347179931,9410.263229639915,-13095.998835086684,-8506.11281467829,3873.5349623602588,-187500.02235174447,10972.516056599148
81431.18249549657,61304.24127629296,16790.250455170924,14864.401801157213,-16707.750166386388,-12810.947038048154,15652.926642051536,33372.27205899621,-187500.02235174447,-3754.3778126690167,8926.057389504598,-12222.313847817642,-8585.103879583345,3580.794165229102,-187500.02235174447,12441.740923135392
75140.26166680595,52893.39159648318,15107.231152919669,15730.0625121668,-16269.141884939896,-11081.749031752233,13623.12002457619,31392.712163056396,-187500.02235174447,-3772.4827256778153,8771.159800429321,-13295.599913072576,-8942.128293767964,3195.1148146527785,-187500.02235174447,13500.408947516555
75795.05602062416,55028.40787510966,16164.781590078068,15354.642612295464,-16304.904676068387,-12369.388326333563,14682.391546057648,33418.18254210741,-187500.02235174447,-3078.282246384889,9442.293279444371,-12524.062397964288,-8351.12581862519,4019.6930193535113,-187500.02235174447,10617.883279071246
81148.63409383704,59878.110573066544,16105.303598082495,15094.267141135591,-16679.050526505773,-11907.176602742267,15015.387834952813,31924.75073632607,-187500.02235174447,-4265.182228706149,8450.211101795567,-12597.845506411257,-9015.30790511464,3053.203589106034,-187500.02235174447,14489.741860597356
72507.82966707107,50600.05791187977,15212.887848959906,15846.671562990137,-16069.250234276085,-11378.446087651979,13484.762726397841,32327.551523155158,-187500.02235174447,-2991.915105809582,9401.456642324525,-13103.21844854575,-8517.221631672577,3871.0539187257195,-187500.02235174447,11117.53417462518
81641.98179745457,61386.45099239958,16800.196981453537,14864.692373835132,-16709.270085009346,-12827.129701033797,15652.256089717877,33356.0223407772,-187500.02235174447,-3724.5382338211816,8932.874671563468,-12226.359513564053,-8579.560646958429,3597.893249737412,-187500.02235174447,12480.878827676634
75468.13940622084,53091.45040410166,15113.623751833888,15738.802044248825,-16275.378021642928,-11066.90747343391,13588.11719275918,31347.181659600934,-187500.02235174447,-3773.846182089589,8756.899387466836,-13297.544514840189,-8952.298337495129,3178.1274888667454,-187500.02235174447,13587.848971825717
75865.03933251374,54965.510066212424,16152.756351561113,15388.840781312083,-16277.613196088458,-12331.569174715183,14586.927245489032,33386.28660276969,-187500.02235174447,-3038.920824399093,9465.337927977793,-12510.316075124274,-8336.820702173794,4067.972787376975,-187500.02235174447,10603.108775986288
81425.23693147146,60068.81565675922,16127.700046026714,15044.579213211444,-16711.728776899432,-11967.258091838134,14963.554139560956,31903.69539304917,-187500.02235174447,-4268.400879907713,8465.924378147647,-12581.215808536508,-9005.16021313193,3022.1123125687022,-187500.02235174447,14457.532996837259
72645.58346814913,50626.12004591466,15183.405898023357,15844.324629822331,-16077.520379724549,-11370.310052670247,13364.309175528191,32265.547784036135,-187500.02235174447,-3026.3591440152104,9385.251627594427,-13138.534204785134,-8552.515036167508,3858.0899069416414,-187500.02235174447,11115.164889712918
81682.30434445196,61357.684297285596,16801.448679143035,14891.067432292395,-16693.57916040172,-12815.7750148505,15552.097922813646,33369.52279442821,-187500.02235174447,-3688.01548338121,8975.231227306274,-12209.461594755841,-8561.947472327647,3617.987468002733,-187500.02235174447,12378.083154926677
75692.93090020787,53257.1215340044,15114.584876845465,15709.364796801186,-16299.786126588122,-11087.225209143784,13530.96378218696,31327.57917971363,-187500.02235174447,-3804.6468859490024,8737.498073279628,-13294.191753171892,-8983.143744843454,3154.7699159109493,-187500.02235174447,13592.945169561526
75898.03050732976,54901.137042181144,16131.276325139563,15387.812601067139,-16288.386736915916,-12323.321381011174,14503.465831692914,33359.66567512342,-187500.02235174447,-3036.596242975741,9458.051259285363,-12533.226613190964,-8345.336716811265,4049.979633090453,-187500.02235174447,10563.680298767125
81653.18002142668,60250.44593220305,16156.779665563068,15061.11950410837,-16714.58980018971,-11969.269748839111,14944.756322474042,31922.582617113905,-187500.02235174447,-4263.058812982895,8461.05169785639,-12567.558892674315,-9005.517841043216,3050.6107867492187,-187500.02235174447,14442.937307707944
72790.9815658309,50674.913904060595,15187.697432958776,15874.879464492735,-16072.535940711015,-11343.666773279521,13324.433663419923,32240.647940712923,-187500.02235174447,-3007.0025333169147,9398.461508567514,-13116.16010858537,-8530.319753923388,3883.2803229427727,-187500.02235174447,11169.613739206045
81783.40128462331,61368.77076253543,16822.682836375578,14908.054758078428,-16687.186561487506,-12804.44268041166,15558.89285312806,33395.20494880735,-187500.02235174447,-3683.9698176347993,8979.321596541595,-12196.072899827112,-8556.828922847382,3616.4004941464063,-187500.02235174447,12381.324157872696
75992.91366254255,53477.46503084482,15173.951110118762,15727.894392954637,-16279.334280411516,-11070.260235102205,13602.712881888496,31354.87065969356,-187500.02235174447,-3779.5011734367818,8754.127771154377,-13247.118979349016,-8950.823122361078,3203.742588012527,-187500.02235174447,13717.2879239664
75983.41417114904,54878.11474539218,16148.375409647871,15428.045741086691,-16260.804684258066,-12273.81226704267,14533.21600356293,33368.06993103861,-187500.02235174447,-3006.3096292388,9481.274721774427,-12514.160575170587,-8340.50874000892,4052.6618424250896,-187500.02235174447,10654.54013997795
81917.82467577752,60454.74087652456,16213.01665461262,15070.440181546233,-16690.584026644712,-11966.833408693483,15041.986410854628,31991.67185922526,-187500.02235174447,-4224.345591586303,8489.885448203737,-12512.461842591983,-8965.038831834654,3083.400795865154,-187500.02235174447,14526.465776737426
72995.76824853042,50769.73000404001,15202.58369476601,15862.340135853308,-16061.024792316532,-11333.317915596714,13397.322702088679,32243.15133609192,-187500.02235174447,-2996.273695978367,9388.894961940643,-13120.004608631685,-8535.17008247019,3885.940180532954,-187500.02235174447,11313.648380476045
81892.6789632653,61384.81931505434,16825.722673621498,14885.099516522827,-16694.58498890221,-12827.755549878544,15601.22705712641,33404.95030938987,-187500.02235174447,-3667.1613058044086,8981.288550053663,-12212.99317037978,-8542.993193029546,3643.1555322594086,-187500.02235174447,12425.334742705196
76282.88284336125,53667.70072790393,15182.556531734053,15702.391052531131,-16303.60827488998,-11083.648930030935,13642.901318419137,31329.792002414706,-187500.02235174447,-3817.9014704109995,8714.833404401947,-13254.584461997089,-8982.696709954347,3147.0585640738686,-187500.02235174447,13821.938791506147
76043.02627361135,54810.21014573696,16128.86233673839,15426.972857352837,-16256.334335367006,-12262.52463609274,14507.846773606156,33340.44317489185,-187500.02235174447,-3021.7099811685066,9465.695555889077,-12525.045874720321,-8336.574832984787,4062.988348363441,-187500.02235174447,10677.49538153355
82133.02727139322,60609.88433478885,16237.804739213556,15048.624878957855,-16697.31190172576,-11992.13558341689,15073.971757170173,32015.208246136695,-187500.02235174447,-4224.278536352937,8480.095384132312,-12510.070205935264,-8966.804619646624,3084.9877697214806,-187500.02235174447,14524.275305780806
73104.30831960539,50789.220725205036,15201.980197665716,15877.069935449355,-16050.139492766797,-11301.645493703545,13383.241103081835,32222.855952126498,-187500.02235174447,-3005.1026350382135,9378.009662390908,-13131.135777370428,-8526.095274221334,3869.891628014044,-187500.02235174447,11347.086590181183
81901.10557092495,61321.385064290174,16833.657542903133,14892.229723004071,-16683.811448074754,-12828.448453956658,15575.209626580434,33399.29531804268,-187500.02235174447,-3652.364450974995,8998.946428173354,-12203.873658642015,-8526.83288178836,3662.9815295912663,-187500.02235174447,12359.844131451146
76435.96994113564,53774.49736291139,15201.510811032154,15711.242343335432,-16294.578170130037,-11071.511932791702,13634.02767587038,31320.717194165853,-187500.02235174447,-3816.0686273656643,8716.934468380747,-13242.447464757857,-8962.177808544375,3171.5337242524297,-187500.02235174447,13827.191451453144
75960.4812813379,54663.49329513232,16113.66315050878,15444.742494194807,-16247.415989329338,-12235.210804368355,14462.696249806435,33320.43836360435,-187500.02235174447,-3000.6322861471517,9483.01815784194,-12526.074054965266,-8324.102559578725,4088.1787643645725,-187500.02235174447,10617.011561037489
82222.41189747,60675.084373364974,16247.63950677389,15027.256611258581,-16722.144689815606,-12026.132586733413,15071.691879235732,32012.52603680206,-187500.02235174447,-4227.877167210241,8469.165381093668,-12504.325807610252,-8959.20502653182,3083.9819412209918,-187500.02235174447,14456.974203225876
73111.48322957555,50738.75048622495,15169.793685650075,15881.495580851506,-16069.183179042719,-11287.027452829774,13334.35783795808,32181.505224884182,-187500.02235174447,-3022.022905590881,9349.533539954846,-13152.861672980986,-8545.83186457537,3841.683726511446,-187500.02235174447,11334.301392352747
81793.14664520582,61193.01899588335,16809.89763854714,14895.269560249992,-16695.63552089161,-12833.455244714647,15542.55372793123,33416.886140929004,-187500.02235174447,-3621.9660785157776,9001.516878785716,-12206.913495887935,-8540.601556372829,3703.371131822006,-187500.02235174447,12268.604310584584
76537.69273015174,53868.2629309014,15183.33884278999,15675.859531862681,-16329.893926369421,-11101.038587217163,13637.380437538677,31297.918414821437,-187500.02235174447,-3875.1219362165853,8662.798543309993,-13258.697182976864,-9009.384692833984,3108.501804888464,-187500.02235174447,13838.903765547726
75824.98500644983,54509.33331362407,16075.665184934758,15454.86783443306,-16252.042800431587,-12220.883336172503,14428.006342411798,33313.86695073449,-187500.02235174447,-2969.3174921652667,9480.358300251759,-12534.232441691453,-8324.996629356936,4086.0777003857734,-187500.02235174447,10579.170057674653
82253.27965656277,60747.07934225552,16263.062210448054,15037.985448597128,-16723.55284971629,-12031.18408098031,15093.909513224306,32069.9700200522,-187500.02235174447,-4227.02780092094,8468.181904337634,-12497.575580784749,-8962.982471344767,3109.887613044693,-187500.02235174447,14422.194888853419
73081.1966158386,50704.060578830315,15169.23489203869,15893.09613622381,-16080.537865226015,-11281.171295782482,13337.531785670733,32175.112625969963,-187500.02235174447,-3016.054989821314,9361.290557538337,-13135.114387883472,-8560.919292082703,3877.8041455512225,-187500.02235174447,11378.088459740695
81680.24798396206,61084.3671660861,16806.27665594538,14917.375435516291,-16692.238055734404,-12827.82260511191,15556.210643793422,33441.60717029657,-187500.02235174447,-3626.995221018222,9003.796756720158,-12212.61319072404,-8543.060248262913,3662.758012146713,-187500.02235174447,12251.192301653899
76606.11141992944,53960.10624886826,15209.512735547154,15695.797287916816,-16325.401225733904,-11092.030834201674,13688.163600941134,31315.06220281866,-187500.02235174447,-3842.622499778569,8680.367014451864,-13222.75557789273,-8994.16315485992,3142.498808204986,-187500.02235174447,13911.144603627277
75707.43718235937,54382.57657081802,16070.9936703436,15480.371174856566,-16243.146806138375,-12207.069958099122,14426.911106933489,33290.68819173434,-187500.02235174447,-2959.01333797137,9484.292207275892,-12533.561889357792,-8316.145338552635,4091.9115056886085,-187500.02235174447,10614.306999958397
82328.35916618815,60857.407552886914,16298.914408554365,15023.188593767714,-16736.203937077993,-12074.188837312322,15142.032819036582,32076.787302111068,-187500.02235174447,-4217.5953647608,8490.533648792942,-12468.98769962641,-8963.027174833676,3121.3764096947207,-187500.02235174447,14449.508720577804
73107.48226731805,50721.00320112744,15173.280557785101,15904.67433985166,-16069.473751720638,-11261.188836239438,13347.455960208888,32158.572335073037,-187500.02235174447,-3029.5777952167746,9358.742458670433,-13151.073533424562,-8558.684117637173,3843.2483486233177,-187500.02235174447,11463.203902626503
81625.7097274911,61017.155470508995,16812.512792648413,14918.224801805593,-16683.140895741093,-12836.15980579374,15559.473998483898,33456.895763504006,-187500.02235174447,-3635.757104844702,9015.084387670087,-12214.51308900274,-8534.007791758513,3674.1350500744643,-187500.02235174447,12243.682115516916
76727.8613719775,54074.83775315735,15243.196814441302,15706.526125255363,-16310.492612182214,-11072.540113036646,13715.05274952087,31341.01257813127,-187500.02235174447,-3857.262892396795,8689.57593316745,-13198.101603758527,-8990.765689702714,3147.662061174162,-187500.02235174447,13972.924825301747
75617.2925969711,54255.68571754524,16057.448513203683,15482.695756279918,-16237.245945602173,-12186.059318311134,14398.32322577515,33290.59878475652,-187500.02235174447,-2961.6508438170963,9497.591495226801,-12550.348049443728,-8321.420350244087,4101.254534870927,-187500.02235174447,10609.031988266945
82389.53589076232,60947.596841764076,16314.001836061698,15023.166242023259,-16734.326390543745,-12082.436631016331,15153.320449986513,32121.40138404386,-187500.02235174447,-4195.936524383607,8491.651236015707,-12464.472647246439,-8949.884349093956,3115.5202526474304,-187500.02235174447,14412.270714315262
73096.35109857931,50697.779738638375,15157.366115732922,15923.650970894216,-16063.863463862357,-11228.93526899043,13325.171270986948,32139.103965652463,-187500.02235174447,-3036.685649953562,9340.414028217081,-13173.760554046698,-8578.107783568834,3855.362994118094,-187500.02235174447,11481.17470516857
81481.25040307647,60895.785498116675,16825.007417798926,14945.046895151962,-16664.544244354278,-12819.910087574732,15534.328285971676,33477.235850958336,-187500.02235174447,-3574.245104103697,9068.616815640547,-12172.827085593592,-8490.511297048486,3731.981364724799,-187500.02235174447,12156.219739463299
76800.88452111298,54176.62759740682,15257.881910548438,15687.52714246835,-16335.392455505427,-11089.86271498951,13713.979865787014,31320.359566254567,-187500.02235174447,-3895.8643550711104,8667.201836967688,-13186.836324553053,-9004.601419520548,3113.8662235577376,-187500.02235174447,13971.2484444676
75473.50382489013,54106.04078841696,16043.8363008304,15495.413898874987,-16238.542346780581,-12165.853341323536,14352.703315341869,33264.58135421054,-187500.02235174447,-2959.370965882655,9505.034626130418,-12547.174101731074,-8323.946097367538,4086.4353282970583,-187500.02235174447,10558.002955675478
82400.33178333423,61000.19049646742,16340.265135796684,15004.860163314363,-16751.581937263243,-12105.39187257193,15157.634336666386,32145.116584910942,-187500.02235174447,-4207.246507077993,8487.091480146824,-12457.588309954204,-8953.885311351456,3134.0945522897905,-187500.02235174447,14349.12703622902
73063.44933074109,50672.544619148335,15159.064848311526,15922.645142393727,-16069.026716831533,-11211.210335637372,13305.144107954993,32126.676395735314,-187500.02235174447,-3024.1016178252244,9331.6521443906,-13178.610882593499,-8582.13109757079,3842.4436858229265,-187500.02235174447,11488.707243050008
81339.96502637447,60776.248368769695,16823.04046428686,14963.241215138582,-16654.86593900513,-12800.95580827663,15523.30887595521,33509.511769951794,-187500.02235174447,-3575.6532640043815,9067.856856329066,-12185.612283422028,-8481.615302755274,3744.2524724307627,-187500.02235174447,12098.887514935437
76855.86981247304,54268.64972932932,15277.842018347028,15690.410517503085,-16342.477958497759,-11082.19606664134,13736.644534664696,31329.456726247878,-187500.02235174447,-3906.168509265007,8661.613900853861,-13177.895626770929,-9018.146576660463,3110.3569996782544,-187500.02235174447,14008.128822818855
75332.03963423248,53967.59408326079,16032.526318136015,15518.391492175042,-16221.68913146128,-12133.197442674333,14332.296172654174,33262.07795883155,-187500.02235174447,-2940.0590586732696,9529.666248520167,-12544.536595885349,-8321.196832799535,4119.650020557645,-187500.02235174447,10558.382935331218
82428.13735343664,61071.29139557975,16371.691688500845,15018.606486154376,-16738.46146326798,-12103.760195226694,15198.023938897126,32198.8501785815,-187500.02235174447,-4193.097852837784,8505.017579199979,-12427.145234006077,-8933.38876168594,3170.4161370296642,-187500.02235174447,14348.545890873182
73060.16362430617,50661.614616109684,15149.408894706834,15905.43429916314,-16078.906187880779,-11220.262792141772,13314.554192370677,32097.999107599153,-187500.02235174447,-3035.590414475252,9327.382961199637,-13182.32127217308,-8583.89688538276,3822.4165227909716,-187500.02235174447,11560.09871484026
81256.19068815598,60696.00560617514,16801.247513442937,14943.594031762366,-16664.81246528774,-12815.596200894857,15509.763718815295,33494.73726686684,-187500.02235174447,-3575.51915353765,9048.433190397405,-12228.952315920867,-8517.579259583863,3733.434228114394,-187500.02235174447,12085.230599073244
76999.85975025412,54423.88259457143,15286.089812051037,15656.569976397752,-16359.33117381706,-11115.433110646381,13770.865055425771,31323.175886055935,-187500.02235174447,-3924.5639949517245,8642.391400622297,-13183.37180416248,-8986.20593383383,3120.7282091055167,-187500.02235174447,14072.054811961034
75291.04653490146,53895.71087309252,15998.909294475234,15490.764736028283,-16246.387809084394,-12150.140064971456,14310.726739254802,33216.97213852074,-187500.02235174447,-2970.6138933436746,9491.511820734957,-12591.050576096843,-8336.619536473696,4090.0116074099074,-187500.02235174447,10588.356624645785
82551.74250027449,61195.768260451354,16363.756819219212,14966.236348895593,-16775.78887650834,-12164.065201767113,15209.44568031379,32182.756922573677,-187500.02235174447,-4249.468952354068,8456.849569898794,-12466.730173436425,-8981.892047153957,3115.0285142694133,-187500.02235174447,14351.429265907916
73132.62797983027,50691.45419495752,15134.053246266038,15909.122336998265,-16079.867312892356,-11207.209373379872,13299.891448007995,32061.16343273681,-187500.02235174447,-3082.9761127205034,9301.432585887025,-13210.015083553206,-8594.156336087744,3793.1804410434297,-187500.02235174447,11615.128709689227
81202.43474274097,60605.36928240887,16793.156181950115,14941.6270782503,-16656.58702332819,-12809.96356129212,15506.410957146998,33519.368889256584,-187500.02235174447,-3559.0459178740884,9067.789801095701,-12228.549984520672,-8502.938866965636,3739.960937495344,-187500.02235174447,12047.992592810702
77162.60280163323,54571.13588704299,15296.17044880038,15632.452444130475,-16375.692650758345,-11123.278572950194,13800.436413340141,31325.09813607909,-187500.02235174447,-3937.1480270800625,8604.527545515008,-13199.062728770105,-9009.585858534081,3118.7612555934497,-187500.02235174447,14127.621248676927
75234.83189759635,53789.11540378516,15970.075544127887,15499.727785554862,-16238.363532824938,-12122.200384402322,14287.905608165933,33212.43473439631,-187500.02235174447,-2969.0716229762584,9488.919018378141,-12614.363445563728,-8355.730277982984,4091.6209330106894,-187500.02235174447,10595.263313682475
82638.24375131652,61287.18689527356,16379.693613015845,14953.920537700718,-16777.59936780922,-12187.646292167461,15233.742026536707,32226.409879494895,-187500.02235174447,-4226.893690454208,8467.24313107051,-12448.580556938716,-8949.504369438217,3130.5629766658517,-187500.02235174447,14333.302001154661
73175.38686697328,50703.74765440794,15114.964856501205,15913.86090682279,-16087.310443795974,-11182.823620179131,13276.355061096558,32053.362673921907,-187500.02235174447,-3094.621371581718,9276.756260008367,-13224.700179660342,-8618.94442068868,3782.496307193793,-187500.02235174447,11663.721402135063
81123.68954702491,60507.781566117,16790.85395227122,14956.848616224363,-16659.649212318567,-12809.404767680737,15473.017450930769,33539.48545926636,-187500.02235174447,-3520.6679726443263,9094.164859552964,-12205.818260409626,-8487.002073169002,3758.892865048989,-187500.02235174447,12009.502888858664
77298.76962885495,54707.03449333126,15313.694216453341,15638.375656411132,-16384.00749969572,-11119.590535115069,13801.241076140534,31320.62778718803,-187500.02235174447,-3957.3540040676603,8598.716091956627,-13170.6089580785,-9019.510033072238,3093.883764014693,-187500.02235174447,14172.302385843086
75142.89917265167,53670.65115817203,15969.986137150066,15546.97937333338,-16212.323750534506,-12074.501761734697,14248.164206524398,33206.35505990447,-187500.02235174447,-2924.4128375545547,9529.621545031256,-12584.255645782428,-8319.967486854493,4124.9026805046415,-187500.02235174447,10596.313845671875
82716.20663597663,61390.742527334995,16421.603133869547,14955.14988364576,-16774.693641030033,-12213.954295391357,15260.11708499397,32259.870440944487,-187500.02235174447,-4185.475907978524,8508.124471679268,-12386.77798351979,-8923.598697614516,3171.5784277413404,-187500.02235174447,14322.059073693643
73257.03778946851,50759.24703589047,15120.932772270773,15912.63156087775,-16087.690423451713,-11180.230817822316,13272.801133728164,32019.67859502776,-187500.02235174447,-3126.3608487082543,9266.049774414274,-13223.202612781837,-8631.036714439,3746.9570335098547,-187500.02235174447,11752.18960668917
81084.30577329466,60451.25400438953,16802.879190788175,14986.151753205271,-16642.952459210454,-12793.043290739453,15466.088410149625,33550.39311056055,-187500.02235174447,-3498.8526700559464,9111.062778361176,-12192.250751525255,-8487.024424913458,3772.505077422271,-187500.02235174447,12015.38139765041
77483.70796247816,54881.04282391582,15353.055638439137,15643.091874491201,-16386.779116008176,-11123.680904350389,13826.900878775226,31330.149630325992,-187500.02235174447,-3955.5658645112358,8615.681065998206,-13127.961829657774,-9021.611097051036,3109.842909555782,-187500.02235174447,14258.267195018196
75117.70875665054,53602.858317239086,15968.265052827008,15564.212568308421,-16210.803831911546,-12054.832226614026,14210.322703161562,33191.66996379733,-187500.02235174447,-2905.704427445463,9530.73913225402,-12582.623968437192,-8314.670123418586,4149.042564516373,-187500.02235174447,10642.671363672182
82824.83611402943,61514.54883987294,16466.485436735802,14980.407354880257,-16773.240777640436,-12200.923228373913,15256.429047158845,32305.6244618445,-187500.02235174447,-4163.124163523217,8519.769730540482,-12372.137590901566,-8919.86595629048,3186.5988000153066,-187500.02235174447,14341.393332647483
73321.38846175534,50804.241097479004,15153.320449986513,15946.494453727539,-16078.168580313753,-11149.966555829831,13252.617508485022,32019.276263627562,-187500.02235174447,-3088.9663802345253,9299.465632374959,-13190.926693788373,-8602.113557113833,3767.9676732978432,-187500.02235174447,11830.755988449573
81023.93371152088,60379.504904687994,16818.413653184612,14986.956416005662,-16646.618145301123,-12810.991741537064,15430.146805065491,33542.92762791248,-187500.02235174447,-3494.2929141870636,9129.368857070072,-12203.381920263997,-8467.019613625958,3783.591542672103,-187500.02235174447,12003.646731811374
77636.95152246374,55044.90346251768,15385.130391732502,15634.777025553827,-16399.586665581068,-11148.916023840431,13832.265297444499,31326.171019812948,-187500.02235174447,-3995.1284521971293,8597.55380124495,-13126.821890690553,-9028.16015817644,3070.727356758995,-187500.02235174447,14309.07271016511
75068.7137328045,53529.67870589241,15957.178587577177,15592.80044946676,-16206.601703953947,-12032.726351347728,14180.885455713924,33165.920754184815,-187500.02235174447,-2932.794741725295,9523.519518794958,-12602.360558791228,-8344.88968192216,4101.545107548846,-187500.02235174447,10656.82001791239
82881.34132401245,61597.58557052441,16488.16662885745,14983.134267703805,-16777.532312575855,-12225.599554252572,15281.731221882252,32342.39308147348,-187500.02235174447,-4168.712099637044,8544.35664944132,-12350.366991802097,-8898.184764168831,3190.197430872611,-187500.02235174447,14305.272913607707
73352.09975863693,50821.69780989859,15137.964801545717,15959.25729981152,-16082.728336182636,-11130.25231722025,13252.058714873638,31993.28118482604,-187500.02235174447,-3131.1217702772346,9283.573542067235,-13202.32608346058,-8618.698551499672,3764.5702081406366,-187500.02235174447,11862.853093487394
80911.16916074386,60265.153380054646,16803.19211521055,15013.622047140843,-16632.044807916263,-12792.618607594803,15431.398502754988,33571.671971282005,-187500.02235174447,-3486.8497832834464,9154.29105213774,-12185.545228188663,-8461.141104834212,3793.4486619768936,-187500.02235174447,11933.909289110816
77731.78997418762,55166.83222852138,15393.735813347796,15645.125883236633,-16396.59153182406,-11137.136654512484,13873.303100264444,31348.00867414578,-187500.02235174447,-3992.669760307045,8594.402205276752,-13112.136794583415,-9027.109626187043,3077.723452773506,-187500.02235174447,14310.726739254802
74942.06874872075,53395.367073460475,15934.268049510487,15612.358225865153,-16197.102212560441,-11999.869286998426,14159.740705459202,33163.327951827996,-187500.02235174447,-2906.1291105901137,9555.750734299509,-12594.626855209692,-8316.25709727491,4123.159244437128,-187500.02235174447,10608.674360355659
82874.14406229784,61630.57674534044,16489.50773352477,14976.071116455927,-16792.28446391636,-12244.41972308394,15287.609730673998,32369.282230053217,-187500.02235174447,-4178.569218941834,8560.092277537857,-12327.322343268675,-8902.297485148607,3180.0497388899016,-187500.02235174447,14219.822194555069
73320.44968848821,50805.492795168495,15121.245696693148,15966.923948159689,-16092.227827576142,-11117.780043814188,13238.245336800259,31981.837091664922,-187500.02235174447,-3141.9400145936033,9282.74652752239,-13204.583609650566,-8628.578022548918,3721.073713430609,-187500.02235174447,11851.364296837366
80722.27456835206,60101.35979668615,16774.336013118747,15015.276076230537,-16646.86401449013,-12795.323168673895,15396.798002338172,33570.1744044035,-187500.02235174447,-3486.0227687386,9170.183142445463,-12193.70361491485,-8460.716421689562,3794.8121183886674,-187500.02235174447,11834.041694884503
77770.57025081757,55253.8922731748,15384.23632195429,15608.826650241215,-16433.40485494195,-11167.78089616071,13874.13011480929,31330.350796026087,-187500.02235174447,-4017.077865252241,8586.914370884226,-13110.058082349073,-9053.17176022193,3061.116106643213,-187500.02235174447,14284.68695696437
74758.00213313129,53230.88058601387,15893.409060646185,15626.640990572096,-16192.58716018047,-11973.069545396513,14113.69611188127,33139.70215793874,-187500.02235174447,-2917.081465373214,9548.08408595134,-12633.273021372917,-8322.962620611504,4106.015456439907,-187500.02235174447,10554.359621329264
82838.98476826964,61662.80796084499,16499.767184229753,14959.262604625537,-16799.23585644196,-12278.461429889374,15306.586361716552,32395.61258502157,-187500.02235174447,-4168.510933936946,8570.798763131948,-12335.994820117334,-8885.466621573762,3184.6989017366054,-187500.02235174447,14143.781559918114
73293.80640909748,50800.91068755516,15106.694711052742,15963.05709636892,-16101.727318969646,-11098.579895327079,13241.799264168652,31971.33177177093,-187500.02235174447,-3171.779593441438,9263.434620313004,-13234.356133265035,-8653.120237960844,3708.8473092135564,-187500.02235174447,11873.805448270494
80572.7190462016,59978.87223707107,16767.541082804335,15025.982561824629,-16629.362598581625,-12789.57877034888,15404.598761153075,33584.43481736598,-187500.02235174447,-3469.348367374941,9182.72247108489,-12208.36635927753,-8452.111000074268,3801.6517521919914,-187500.02235174447,11785.694871627675
77852.80231866865,55373.83173392198,15403.302359974667,15616.962685222947,-16426.25229671625,-11156.269747766228,13929.80831024746,31346.73462471183,-187500.02235174447,-4059.4344209950473,8578.64422543576,-13096.043538575595,-9046.376829907516,3055.304653084833,-187500.02235174447,14323.288419638684
74658.24629762725,53128.35313419737,15873.247787147498,15620.918943991537,-16189.837895612467,-11957.870359166904,14122.681513152304,33122.848942619436,-187500.02235174447,-2919.1601776075577,9558.187074445137,-12625.986352680487,-8321.50975722191,4092.4255958110807,-187500.02235174447,10572.822162249347
82842.44928866021,61713.948752158736,16513.69232102541,14975.355860633357,-16781.3097573888,-12264.446886115897,15353.033286694681,32447.446280413424,-187500.02235174447,-4165.605207157756,8572.497495710551,-12335.950116628423,-8864.9924236527,3210.3140008823875,-187500.02235174447,14143.111007584455
73307.86565635988,50816.422798207146,15109.242809920646,15966.007526637022,-16088.964472885666,-11090.734433023266,13279.014918686738,31959.932382098723,-187500.02235174447,-3172.003110885991,9257.936091176998,-13224.99075233826,-8635.395304607786,3724.3817716099948,-187500.02235174447,11957.132751599878
80474.3937223427,59868.834599117596,16746.59749824971,15007.87764881583,-16640.449063831456,-12799.81586930941,15402.47534542982,33578.33279112969,-187500.02235174447,-3486.693321072259,9154.223996904373,-12238.295345103186,-8463.86801765776,3805.3397900271166,-187500.02235174447,11795.86491535484
77989.39382903503,55513.820709445565,15405.76105186475,15563.050277596747,-16456.136579052996,-11200.570905276645,13951.28833666901,31338.77740368574,-187500.02235174447,-4091.7550434774216,8538.54519588294,-13114.819003918054,-9071.857818586566,3023.7439899139395,-187500.02235174447,14396.46803098536
74606.30084351312,53039.50494998753,15843.94465016659,15623.958781237458,-16193.436526469772,-11949.331992784977,14088.036309246578,33100.005459786116,-187500.02235174447,-2954.341823380211,9519.719722237554,-12679.965815540054,-8348.175388357091,4071.5937699787346,-187500.02235174447,10612.027122023956
82934.2702548826,61809.837735872,16533.719484057365,14938.34137181537,-16802.789783810353,-12316.347636741119,15374.759182305239,32468.43456845696,-187500.02235174447,-4177.16105904115,8560.606367660328,-12342.767398687292,-8886.114822162965,3206.916535725181,-187500.02235174447,14144.541519229595
73405.05104125154,50875.92314194717,15100.480926094167,15948.997849106534,-16111.785603974535,-11098.311674393615,13246.537833993178,31914.670099576724,-187500.02235174447,-3220.1487684427225,9223.849680882655,-13257.847816687563,-8658.663470585761,3644.6754508823697,-187500.02235174447,12036.548499649585
80409.41720121112,59777.99710965122,16753.61594600868,15038.946573608706,-16624.355807823635,-12776.43594460916,15365.840836267573,33589.59807033516,-187500.02235174447,-3485.5533821050385,9177.492162882349,-12229.42170255443,-8447.707706416573,3799.304819024184,-187500.02235174447,11764.795990561961
78150.48285132443,55688.5442958527,15443.356686038576,15593.560408778241,-16453.454369718358,-11186.757527203266,13973.371860190853,31351.719063725363,-187500.02235174447,-4093.610238267212,8535.483006892564,-13076.73163136621,-9068.505056918271,3025.3980190036323,-187500.02235174447,14445.418351342483
74550.66735156385,52966.66061480768,15848.951440924578,15656.43586593102,-16177.902064073332,-11925.750902384629,14064.656384546326,33080.02300024307,-187500.02235174447,-2894.7073691734518,9560.377545401758,-12645.253556400963,-8328.79642591434,4127.227261927994,-187500.02235174447,10624.76761636348
83005.5946714395,61891.91334151189,16552.964336033387,14935.502700269546,-16819.17361249609,-12349.67408772398,15374.04392648267,32466.266449244795,-187500.02235174447,-4170.902570593664,8567.98244333058,-12327.277639779764,-8887.679444274836,3230.1623499587004,-187500.02235174447,14119.84284160648
73474.36380080746,50930.08141876238,15096.859943492407,15967.169817348698,-16110.220981862663,-11096.322369137093,13231.115130319016,31883.511767806027,-187500.02235174447,-3227.5695476018846,9228.431788495993,-13255.165607352927,-8677.841267328415,3653.750259131224,-187500.02235174447,12084.291825806122
80324.2570548364,59683.069250949535,16746.709256971986,15058.45964651819,-16614.789261196765,-12771.04917419543,15339.912812699416,33588.14520694556,-187500.02235174447,-3445.543759530039,9193.875991568088,-12228.460577542852,-8419.879784569715,3789.6265136750358,-187500.02235174447,11722.03710341896
78265.79550096935,55825.113454474624,15468.278881106244,15582.675109228507,-16458.46116047635,-11205.041254167707,13978.021023037556,31353.797775959705,-187500.02235174447,-4117.52660483439,8556.02426004699,-13046.400314140357,-9048.902577030967,2998.888850079638,-187500.02235174447,14461.846883517133
74467.78708312358,52868.26823571542,15840.56953675384,15676.507732451884,-16160.601813864925,-11887.73058506615,14016.77894792306,33067.43896811473,-187500.02235174447,-2910.4653490144433,9565.406687904202,-12652.7860942824,-8325.287202034855,4110.083473930773,-187500.02235174447,10620.654895383705
83017.7987239121,61948.32914451708,16584.703813159922,14943.705790484642,-16803.527391377378,-12350.67991622447,15377.933130017893,32512.75807771183,-187500.02235174447,-4144.192235969572,8591.764699431027,-12300.030863288745,-8863.9418916633,3246.367364688798,-187500.02235174447,14077.910969008324
73492.55812079407,50955.13772429678,15100.190353416248,15972.44482904015,-16105.549467271505,-11058.078534374063,13215.178336522382,31883.40000908375,-187500.02235174447,-3223.1215504552783,9215.91481160102,-13252.908081162941,-8679.517648162562,3673.1962768073413,-187500.02235174447,12130.537585084152
80187.79965493675,59544.42138009326,16731.42066376456,15060.918338408273,-16615.14688910805,-12754.665345509691,15298.919713368383,33594.537805859785,-187500.02235174447,-3435.574881502972,9197.29580846975,-12236.283688102209,-8440.19752027959,3843.5389213012368,-187500.02235174447,11687.883637891251
78373.1509295882,55953.613633348185,15490.742384283827,15587.436030797486,-16452.515596451234,-11191.7419662168,13994.181334278743,31371.030970934746,-187500.02235174447,-4096.7171307465,8539.103989494322,-13031.67051454431,-9047.159140963453,3008.6789141510626,-187500.02235174447,14490.792392586756
74387.58902401794,52759.14701928461,15819.849469643768,15674.853703362192,-16178.907892573821,-11878.141686694824,13983.67601438475,33039.83456371243,-187500.02235174447,-2907.5596222352533,9557.002431989007,-12664.476056632526,-8324.191966556546,4119.404151368636,-187500.02235174447,10633.373037978774
83042.96678816876,61984.3825083235,16598.85246740013,14938.229613093092,-16826.259115488425,-12370.97530018989,15369.841798525073,32536.093298923173,-187500.02235174447,-4173.003634572463,8582.265208037521,-12307.25047674781,-8882.359729094474,3228.68713482465,-187500.02235174447,14041.879956946368
73523.91761826487,50968.816991903426,15094.289492880047,15976.758715720025,-16111.606790018892,-11053.85405467201,13190.077327499072,31843.748014420038,-187500.02235174447,-3252.3129287139095,9197.519325914303,-13255.52323526421,-8688.413642455775,3647.402363705917,-187500.02235174447,12168.624957635995
80051.3422550371,59399.82794521189,16739.556698746288,15090.713213767198,-16586.76017364981,-12743.109493626296,15282.491181193733,33603.25498619735,-187500.02235174447,-3406.0482270775115,9224.49788147186,-12225.376036808018,-8408.368636175232,3868.550523346725,-187500.02235174447,11624.851718527285
78480.1263785513,56075.07301271833,15519.93376254246,15564.279623541788,-16469.145294325983,-11235.573737093657,14022.165718336788,31362.91728769747,-187500.02235174447,-4115.358485622226,8532.979611513569,-13019.779386494087,-9059.854931814067,3030.9412516285483,-187500.02235174447,14503.510535181826
74302.56298810994,52644.23670103988,15791.93214081909,15672.059735305278,-16184.518180432104,-11877.761707039084,13942.302935397976,32990.54896718848,-187500.02235174447,-2924.8375206992055,9534.337763111325,-12695.142650025207,-8343.481522021475,4099.533450547869,-187500.02235174447,10617.704465115603
83046.74423298171,62004.16380216644,16603.792202924753,14923.969200130607,-16827.354350966736,-12396.679806313492,15380.056545741147,32554.801709032265,-187500.02235174447,-4154.786962841387,8579.918274869713,-12299.762642355281,-8863.047821885088,3245.316832699398,-187500.02235174447,13969.795581078004
73549.62212438848,50977.35535828536,15089.640330033342,15982.883093700779,-16109.438670806727,-11028.32836250405,13181.494257628234,31815.227188495064,-187500.02235174447,-3255.0174897930015,9187.572799631691,-13259.658307988442,-8695.990883826124,3650.5986631630262,-187500.02235174447,12186.059318311134
79913.1637708144,59246.09264684828,16714.478041467435,15077.995071172129,-16600.95353137893,-12741.880147681255,15233.786730025618,33583.920727243516,-187500.02235174447,-3402.8295758759473,9230.845776897166,-12234.652010756972,-8415.632953123208,3869.556351847214,-187500.02235174447,11558.467037495022
78574.02605700804,56191.8608774973,15527.287486468254,15560.546882217752,-16480.5893874871,-11221.98387646483,14024.691465460237,31374.24962213631,-187500.02235174447,-4137.464360888524,8501.240134387033,-13021.05343592804,-9077.93749307841,3021.8664433796935,-187500.02235174447,14495.039224033264
74195.07344902438,52531.8968334075,15786.880646572192,15713.678683481061,-16157.651383596825,-11820.429482511221,13906.338978569387,32991.89007185579,-187500.02235174447,-2869.874581083606,9574.257978708503,-12675.115486993252,-8324.571946212285,4160.374898955214,-187500.02235174447,10601.85707829679
83032.01443338567,62027.677837333424,16622.65707524503,14901.081013808373,-16849.86255763323,-12436.55531842176,15380.458877141344,32573.666581352543,-187500.02235174447,-4117.459549601024,8613.647057252772,-12273.0970112201,-8844.473522242728,3252.223521736088,-187500.02235174447,13925.405016589764
73588.29064229615,51018.95195471668,15079.98437642865,15967.013355137511,-16129.309371627496,-11041.627650454957,13176.599225592521,31791.66844983917,-187500.02235174447,-3282.197211050655,9151.698249780924,-13283.038232688694,-8726.791587685537,3602.8776887509453,-187500.02235174447,12242.586880038605
79803.05907762755,59137.507872284405,16694.093250524194,15078.576216527967,-16601.95935987942,-12748.071580895376,15212.843145470995,33579.986820219376,-187500.02235174447,-3384.8140698449697,9225.771930905812,-12251.23700514281,-8415.85647056776,3881.045148497242,-187500.02235174447,11536.897604095651
78708.36004118444,56352.27934745304,15530.282620225265,15510.300160682222,-16527.46099560988,-11276.365670724592,14036.962573166202,31360.25743010729,-187500.02235174447,-4135.8773870321975,8482.263503344477,-13018.393578337858,-9072.975405809333,3034.1599028301125,-187500.02235174447,14534.512404741337
74135.64016051772,52454.13511444749,15748.100369942233,15712.404634047109,-16160.087723742454,-11801.542258446487,13876.991138099569,32978.12139727132,-187500.02235174447,-2883.1291655456025,9551.392144130725,-12705.625618174747,-8341.782789442872,4109.658790786122,-187500.02235174447,10620.185508750143
83078.48371010825,62090.03920436373,16633.184746883482,14904.165554543204,-16847.448569232056,-12438.186995766997,15407.079804787614,32616.805448151288,-187500.02235174447,-4134.469227131513,8606.650961238262,-12269.341918151607,-8846.8875106439,3269.099088799845,-187500.02235174447,13912.284542594498
73679.91044281847,51095.52903122056,15079.358527583901,15959.011430622511,-16141.647534566824,-11032.239917783729,13180.734298316753,31767.573269316348,-187500.02235174447,-3295.541202490473,9139.024810674764,-13285.698090278876,-8747.288137351054,3625.5423576286266,-187500.02235174447,12326.316514768187
79706.4101346028,59022.61990578412,16699.569427915743,15116.909458268818,-16571.42687695347,-12703.837478618321,15207.05404365707,33603.344393175175,-187500.02235174447,-3361.7917730560034,9256.013841153841,-12242.765693994248,-8407.809842563849,3876.5077443728146,-187500.02235174447,11531.130854026182
78846.67263587388,56507.154584783864,15575.209626580434,15517.631532863563,-16508.327902356137,-11276.186856768949,14095.278274450098,31382.63152630705,-187500.02235174447,-4147.38853542668,8513.578297326363,-12976.841685395442,-9060.972519036832,3014.780940387361,-187500.02235174447,14599.198353194995
74105.35354678078,52398.32280854259,15750.268489154398,15720.987703917946,-16161.160607476308,-11787.639473395286,13872.565492697418,32947.38774864528,-187500.02235174447,-2886.0125405803374,9556.421286633169,-12712.979342100543,-8323.320248522788,4117.660715301123,-187500.02235174447,10675.953111166134
83123.45541995233,62150.63478358207,16665.77359029932,14906.423080733191,-16837.569098182812,-12459.175283810531,15433.566621967153,32643.582838008744,-187500.02235174447,-4110.597564053245,8629.09211267139,-12253.42747609943,-8822.300591743064,3295.4070920237414,-187500.02235174447,13908.305932081454
73758.96856295688,51148.01092720163,15093.931864968761,15984.805343723936,-16124.816670991979,-10999.472260412247,13204.985941050762,31770.34488562881,-187500.02235174447,-3310.159243364244,9136.990801929333,-13277.427944830411,-8746.550529784028,3609.0020667316994,-187500.02235174447,12404.79348955077
79634.07988954544,58914.41511087598,16700.128221527128,15131.885127053873,-16566.7106588734,-12703.681016407136,15198.649787741875,33606.920672288026,-187500.02235174447,-3314.5401852774844,9270.386012838604,-12227.566507764639,-8391.314255155832,3938.4444282584705,-187500.02235174447,11519.820871331796
79019.71984144686,56668.847104173554,15606.814993240238,15513.921143283982,-16530.299667155705,-11283.652339417022,14118.054702050054,31386.83365426465,-187500.02235174447,-4162.610073400745,8485.035119656935,-12963.497693955624,-9095.014225842266,2974.63720734563,-187500.02235174447,14640.258507759394
74073.94934582106,52317.81182501457,15750.939041488058,15758.203358436032,-16147.168415447286,-11752.346068900355,13841.876547560281,32929.5734083144,-187500.02235174447,-2875.8424968531726,9567.03836524944,-12706.899667608699,-8337.960641141015,4133.306936419837,-187500.02235174447,10695.868515475811
83168.1812606074,62183.514199675825,16681.665680607042,14904.94786559914,-16855.070514091316,-12471.535798494317,15438.372247025043,32667.722722020477,-187500.02235174447,-4108.34003786326,8628.063932426445,-12253.852159244081,-8806.676722368804,3293.820118167415,-187500.02235174447,13878.108725322334
73831.23175278089,51193.96611380173,15101.352644127923,15989.745079248558,-16139.837043265945,-10997.751176089188,13187.685690842354,31739.834754447314,-187500.02235174447,-3305.6888944731827,9132.52045303827,-13269.984813926794,-8715.302791035509,3605.3587323854845,-187500.02235174447,12456.738943664903
79527.01503360452,58783.16566743442,16685.845456820185,15131.482795653677,-16573.103257787618,-12706.542039697415,15160.495359956665,33586.04414296677,-187500.02235174447,-3328.398266839775,9267.92732094852,-12249.605327797572,-8407.340455930287,3908.336628477172,-187500.02235174447,11483.454583103012
79125.91297935403,56791.89345740002,15617.52147883433,15503.058195478701,-16532.4007311345,-11295.14113606705,14140.406446505362,31410.325337687176,-187500.02235174447,-4162.766535611932,8478.016671897969,-12954.691106640234,-9079.725632634834,3028.236690549456,-187500.02235174447,14646.785217140345
73982.44130402105,52203.61676259241,15725.748625486927,15771.346184175753,-16133.66796179628,-11726.12747265428,13818.988361238047,32927.6735100357,-187500.02235174447,-2865.4489356814547,9576.113173498294,-12714.745129912511,-8337.357144040721,4124.9026805046415,-187500.02235174447,10692.962788696623
83148.28820804217,62194.287740503285,16690.5393231558,14895.09074629435,-16860.4796362495,-12505.577505299749,15451.760941953773,32698.52342587989,-187500.02235174447,-4121.013476969419,8631.036714439,-12256.020278456244,-8816.131510273399,3298.6927984586714,-187500.02235174447,13818.340160648842
73887.73696276391,51238.91547190136,15097.485792337155,15984.313605345918,-16150.141197459841,-10992.967902775754,13196.201705479825,31725.864914162747,-187500.02235174447,-3343.932729236213,9105.117214336064,-13290.034328703205,-8750.037401919057,3581.0400344181103,-187500.02235174447,12495.496868550405
79403.40988676666,58639.667468031344,16673.753163069865,15138.076560267993,-16568.677612385465,-12697.713100637568,15151.487606941177,33592.61555583663,-187500.02235174447,-3315.70247598916,9286.948655479986,-12250.61115629806,-8361.966414686014,3922.2170617839174,-187500.02235174447,11439.01931512586
79252.42385297107,56937.20214810398,15633.167699953045,15480.482933578842,-16551.31030694369,-11320.644476490555,14169.888397441913,31407.419610907986,-187500.02235174447,-4195.2212685610375,8448.914700617159,-12955.249900251616,-9098.232877043829,3006.667257150085,-187500.02235174447,14660.218615557984
73931.81460282978,52131.73355242414,15702.189886831033,15769.111009730223,-16142.139272944842,-11710.324789324379,13791.92039870267,32885.80869267091,-187500.02235174447,-2863.012595535826,9563.953824514607,-12731.441883020627,-8348.309498823823,4131.563500352323,-187500.02235174447,10702.954018468145
83158.68176921389,62221.690979205494,16697.602474403677,14885.971234556584,-16863.38536302869,-12516.708674038491,15457.43828504542,32722.551551169345,-187500.02235174447,-4084.1107468737064,8642.033772711013,-12248.063057430156,-8820.89243184238,3310.829795697903,-187500.02235174447,13781.191561364123
73944.89037333612,51295.53244060665,15096.301149881025,15987.375794336296,-16139.993505477132,-10970.996137976186,13196.335815946559,31714.331414023807,-187500.02235174447,-3340.155284423266,9101.876211390045,-13280.221912887326,-8761.392088102351,3583.4540228192836,-187500.02235174447,12558.864064081201
79296.38973431465,58512.374283358375,16655.044752960774,15141.09404576946,-16571.583339164656,-12684.7937923424,15113.109661711414,33588.94986974596,-187500.02235174447,-3300.8832694152916,9288.781498525323,-12255.550891822684,-8390.017853977424,3938.3997247695597,-187500.02235174447,11424.468329485457
79391.29524127189,57079.158077139626,15652.211386228966,15460.612232758074,-16575.740763633345,-11348.606508804145,14177.353880089984,31419.93658780296,-187500.02235174447,-4207.380617544725,8444.086723814813,-12932.31701044047,-9100.602161956092,2969.831582287739,-187500.02235174447,14693.09803165174
73905.28308216132,52069.75216504958,15681.738040654427,15786.388908194174,-16144.821482279478,-11681.200466299113,13754.637688951218,32874.63282044325,-187500.02235174447,-2879.061148054737,9537.198786401605,-12751.066714652387,-8352.422219803599,4116.878404245187,-187500.02235174447,10737.912146796245
83170.68465598639,62239.997057914385,16722.16704156006,14907.965351100607,-16848.476749477,-12514.071168192766,15468.122418895056,32774.76522621694,-187500.02235174447,-4046.0233743218632,8670.487543402618,-12215.60832448105,-8783.654425579838,3369.614883615361,-187500.02235174447,13756.62699420774
74024.75315627494,51352.752906412235,15098.357510370912,15984.224198368098,-16152.9128137723,-10969.386812375405,13203.868353827997,31694.438361458586,-187500.02235174447,-3354.438049130207,9072.997757553787,-13290.414308358946,-8764.431925348274,3562.1081068644653,-187500.02235174447,12623.035922412388
79176.45027356748,58375.71571775863,16651.49082559238,15163.132865802392,-16545.588260363133,-12665.727754322024,15104.526591840577,33592.34733490316,-187500.02235174447,-3285.013530852024,9294.347082894694,-12269.207807684876,-8370.147153156657,3951.743716209378,-187500.02235174447,11393.712329114955
79511.48057120807,57221.38222710875,15685.359023256187,15459.069962390658,-16569.146999019027,-11351.400476861058,14240.20698549831,31443.540029947762,-187500.02235174447,-4211.538042013412,8433.760217876461,-12920.247068434604,-9096.444737487405,3008.209527517501,-187500.02235174447,14714.511002839925
73840.4853749854,51977.79708836044,15667.656441647583,15797.296559488364,-16131.8574704954,-11657.552320665398,13754.682392440129,32853.04103529943,-187500.02235174447,-2874.9260753305052,9535.880033478741,-12772.166761418195,-8356.423182061098,4132.256404430438,-187500.02235174447,10763.259025008563
83126.29409149816,62213.577295968214,16736.807434178285,14921.532859984978,-16830.95298182404,-12512.506546080893,15497.11263145359,32813.76902029145,-187500.02235174447,-4032.120589270662,8675.874313816346,-12209.439243011386,-8773.193809174754,3360.4283166442297,-187500.02235174447,13699.764156313438
74038.4771273705,51369.89669440946,15103.006673217616,15997.344672363362,-16144.307392157007,-10947.25858536465,13231.875089630495,31694.863044603237,-187500.02235174447,-3349.587720583406,9072.662481386958,-13279.171380897926,-8766.197713160243,3566.153772610876,-187500.02235174447,12658.619899585236
79013.05902159918,58206.78123316541,16635.5763835402,15178.5332177321,-16539.352123660105,-12651.065009959342,15108.438147120256,33604.57373912021,-187500.02235174447,-3264.8299056088813,9318.88929830662,-12269.766601296258,-8358.144266384157,3974.2966263647827,-187500.02235174447,11350.953441971951
79564.6330195228,57303.14490832626,15687.460087234986,15447.536462251719,-16581.70867940291,-11366.666718324032,14270.605357957525,31456.101710331644,-187500.02235174447,-4231.0287631784395,8418.829252580315,-12909.026492718041,-9103.75375792429,2971.6420735886186,-187500.02235174447,14711.605276060734
73730.29127482072,51857.34353749079,15643.248336702389,15795.754289120949,-16139.390008376839,-11656.613547398276,13752.067238338857,32839.36176769278,-187500.02235174447,-2867.99703454936,9541.84794924831,-12769.216331150095,-8343.034487132369,4135.72092482101,-187500.02235174447,10753.9383475707
83095.18046321637,62209.41987149953,16738.237945823425,14899.538743440957,-16862.91597639513,-12541.876738295166,15522.861841066104,32834.51143914598,-187500.02235174447,-4042.2682812533717,8668.609996868372,-12230.069903143634,-8788.59416110446,3368.072613247945,-187500.02235174447,13657.049972659348
74094.98233735352,51417.17063393243,15092.32253936798,15980.200884366142,-16167.240281968152,-10957.003945947165,13243.587403725078,31663.21297445452,-187500.02235174447,-3394.581782171939,9056.658632356957,-13286.86038099055,-8789.465879138217,3509.9838387946893,-187500.02235174447,12714.32044676786
78888.80567417212,58051.816588856775,16607.569647737702,15201.309645332056,-16532.154861945495,-12618.230297354496,15091.316710867492,33594.046067481766,-187500.02235174447,-3277.6374551817726,9302.88544927662,-12281.300101435198,-8380.920693984115,3953.5095040213473,-187500.02235174447,11334.882537708585
79678.09047437794,57434.26024130109,15710.214163090488,15429.856232387572,-16593.353938264125,-11387.789116834298,14325.635352806492,31467.590506981673,-187500.02235174447,-4221.1045886402835,8433.134369031712,-12887.434707574213,-9098.523449721748,3002.5768879147636,-187500.02235174447,14738.91910778512
73673.04845727068,51782.08521390978,15632.161871452556,15816.429652742107,-16127.923563471266,-11616.045131211893,13738.47737771003,32811.22092142355,-187500.02235174447,-2853.826028564695,9544.530158582946,-12791.29985467194,-8371.912940968627,4130.736485807477,-187500.02235174447,10788.583551476426
83090.82187304758,62217.935886137,16744.451730782002,14884.116039766794,-16856.679839692097,-12566.038974051355,15540.45266395243,32852.90692483269,-187500.02235174447,-4043.095295798218,8664.564331121961,-12236.2389846133,-8773.394974874851,3392.1454420263103,-187500.02235174447,13630.898431646638
74173.92869876965,51482.571838208656,15101.106774938915,15983.64305301226,-16164.558072633514,-10939.189605616284,13264.821560957618,31652.752358049438,-187500.02235174447,-3409.3339335124415,9030.015352966233,-13295.868134006041,-8771.003338218134,3515.4823679306946,-187500.02235174447,12780.459258611114
78779.61740250795,57920.880069837585,16589.95647310692,15188.658557970353,-16540.89439402752,-12630.568460293825,15060.873634919362,33572.47663408239,-187500.02235174447,-3261.9912340630576,9298.616266085657,-12304.68002613545,-8389.436708621586,3934.9352043789872,-187500.02235174447,11305.71351119441
79818.61589176845,57579.099545371486,15726.083901653756,15407.951522821371,-16617.38206355358,-11420.534422461322,14332.989076732289,31468.1269488486,-187500.02235174447,-4278.593275379333,8390.688406311085,-12894.229637888628,-9131.715790237879,2943.3000616192894,-187500.02235174447,14747.546881144868
73642.29245690018,51710.55963165279,15607.507897318352,15816.31789401983,-16135.009066463599,-11610.792471264896,13712.281133208411,32781.3366390868,-187500.02235174447,-2878.56940967672,9525.732341496032,-12805.560267634424,-8371.3764991017,4105.121386661695,-187500.02235174447,10802.821612694457
83100.92486154138,62219.589915226694,16748.050361639307,14879.556283897911,-16874.583587000798,-12591.721128430501,15546.64409716655,32867.12263430627,-187500.02235174447,-4038.6249469071568,8662.060935742968,-12239.61409802605,-8786.493097125662,3370.2407324601095,-187500.02235174447,13585.256169468901
74261.50283354556,51539.63584180306,15096.859943492407,15990.058003670933,-16171.241244225652,-10931.657067734846,13270.364793582536,31629.97593044948,-187500.02235174447,-3442.258053095109,9004.601419520548,-13302.752471298274,-8801.938152544279,3508.575678894005,-187500.02235174447,12826.481500444592
78668.57393605399,57781.78516409221,16578.557083434713,15225.605991554976,-16519.70494028389,-12604.863954170223,15053.095227848915,33577.25990739583,-187500.02235174447,-3240.3770971747754,9311.088539491719,-12295.269941719764,-8372.60584504674,3970.0497949182745,-187500.02235174447,11274.845752101632
79926.48541050976,57711.28776208017,15759.544463103352,15421.474328216831,-16609.38013903858,-11409.44795721149,14380.88886510001,31504.42618184402,-187500.02235174447,-4241.198806905604,8402.75834831695,-12863.83126542941,-9109.632266716037,2993.725597110462,-187500.02235174447,14753.626555636713
73585.04963935014,51628.618136479636,15602.210533882444,15852.058333403867,-16107.918752183767,-11554.443723493066,13707.319045939334,32782.23070886501,-187500.02235174447,-2866.7900403487733,9532.907251466186,-12812.891639815765,-8372.583493302285,4098.0135319249075,-187500.02235174447,10822.871127470868
83042.20682885729,62180.11673451862,16770.983251450452,14895.873057350285,-16854.690534435576,-12592.995177864454,15563.676126441494,32907.64634700374,-187500.02235174447,-4014.909746040076,8706.339741508931,-12208.567524977629,-8755.312413610509,3395.252334505598,-187500.02235174447,13530.472043808943
74292.34824089387,51572.425850919,15102.514934839599,15997.322320618907,-16164.803941822523,-10913.418044259315,13285.63103504551,31613.68150874156,-187500.02235174447,-3452.7857247335587,8991.190372847364,-13311.581410358122,-8801.424062421807,3467.6943382852483,-187500.02235174447,12864.278300318516
78512.87168417832,57608.17916490784,16567.783542607252,15232.06564570256,-16509.065509923163,-12591.654073197136,15034.655038673287,33568.00628519133,-187500.02235174447,-3227.457788879608,9336.435417704037,-12293.995892285811,-8362.771077486406,4001.4092923890703,-187500.02235174447,11226.7000945449
80011.42203943993,57819.91724013296,15779.437515668575,15399.279045972711,-16623.774662467797,-11439.242832570415,14415.75758645029,31508.494199334888,-187500.02235174447,-4264.936359517141,8392.163621445134,-12854.667050202734,-9107.978237626343,2970.6585968325853,-187500.02235174447,14756.465227182536
73521.5483333526,51545.223777916886,15579.255292326843,15845.08458913381,-16121.687426768236,-11565.731354442996,13685.123763695212,32738.823621132808,-187500.02235174447,-2878.1894300209797,9527.878108963741,-12826.794424866966,-8383.066461451825,4081.227371838972,-187500.02235174447,10830.671886285769
83006.98047959572,62158.30143193024,16759.382696078148,14887.80407760192,-16871.409639288144,-12612.59765775176,15550.734466401873,32917.79403898645,-187500.02235174447,-4027.22555723495,8699.745976894616,-12229.399350809974,-8768.79051551706,3403.7907008875254,-187500.02235174447,13477.52076119432
74361.23631730513,51637.491779028394,15109.779251787575,15992.471992072105,-16170.950671547733,-10911.384035513884,13287.553285068667,31609.188808106042,-187500.02235174447,-3471.1365069313656,8994.096099626553,-13308.049834734182,-8812.689341627281,3488.0344257395777,-187500.02235174447,12903.080928692929
78398.47545605605,57472.57113129749,16563.26849022728,15245.767265053662,-16500.705957496877,-12580.63466318067,15007.810593582464,33566.173442146,-187500.02235174447,-3219.008829475502,9355.61321444669,-12301.930761567446,-8352.779847714883,3982.7679375133444,-187500.02235174447,11209.93628620342
80130.914465298,57948.39506726206,15790.613387896228,15363.337440888577,-16646.171110412015,-11492.507039607412,14424.653580743503,31501.811027742748,-187500.02235174447,-4302.464938457601,8390.017853977424,-12850.35316352286,-9112.783862684235,2956.375832125644,-187500.02235174447,14768.244596510482
73505.56683606707,51493.345379036116,15551.717943157906,15841.553013509872,-16132.975057718166,-11556.991822360973,13637.805120683328,32695.32712642278,-187500.02235174447,-2893.410967995044,9492.182373068616,-12866.133495108306,-8401.03726399389,4065.1117640866955,-187500.02235174447,10853.582424352458
83004.07475281654,62160.96128952042,16778.962824220995,14891.872095092785,-16858.065647848325,-12621.538355533881,15552.835530380671,32956.86488829433,-187500.02235174447,-3990.45693760597,8720.689561449237,-12210.802699423159,-8750.573843785984,3402.6954654092156,-187500.02235174447,13437.13115896358
74472.54800469257,51732.933727852556,15100.995016216639,15974.277672085485,-16191.938959591265,-10925.487986265181,13277.517351808234,31569.559165186784,-187500.02235174447,-3503.0771497579995,8958.020384075688,-13315.15768947097,-8832.9847255927,3430.188111089243,-187500.02235174447,12974.584159205457
78281.03939068787,57333.140949385284,16532.89246951252,15272.499951422209,-16483.49511426629,-12546.0118110194,14963.174159905215,33560.67491300999,-187500.02235174447,-3206.201279902611,9352.841598134231,-12312.346674483619,-8355.03737390487,3999.3752836436374,-187500.02235174447,11179.49321025529
80267.72949310893,58107.047749405836,15818.329551020808,15357.637746052475,-16651.468473847923,-11499.257266432915,14455.588395069648,31523.827496031226,-187500.02235174447,-4292.227839497071,8397.818612792327,-12814.00922703853,-9102.747929423802,2976.023015501859,-187500.02235174447,14785.746012418987
73487.66308875836,51453.22399773884,15536.45170169493,15858.696801507092,-16130.806938506,-11531.041447048361,13604.053986555815,32668.303867376315,-187500.02235174447,-2908.2972298022783,9503.626466229733,-12866.871102675332,-8407.608676863752,4106.842470984754,-187500.02235174447,10902.309227265028
83000.76669463715,62165.65515585604,16793.558513350312,14904.14320279875,-16848.208528543535,-12623.818233468322,15547.158187289024,32981.67532463972,-187500.02235174447,-3943.808846927744,8740.82848320347,-12187.646292167461,-8701.86939261787,3431.7303814566594,-187500.02235174447,13425.620010569099
74582.60799439049,51831.147292989175,15113.288475667057,15983.196018123153,-16194.151782292342,-10913.865079148422,13271.4823808053,31555.566973157762,-187500.02235174447,-3495.030521754089,8956.276948008173,-13291.576599070622,-8840.785484407603,3413.714875425682,-187500.02235174447,13062.046535259073
78219.68385215805,57241.141169207236,16522.588315318622,15273.461076433789,-16497.55436152868,-12542.346124928728,14917.353083771835,33533.13756384105,-187500.02235174447,-3193.304323351899,9354.249758034915,-12326.62943919056,-8344.263833077412,3994.949638241487,-187500.02235174447,11195.854687196575
80421.17421879462,58269.18730368463,15847.967964168545,15365.974946734304,-16663.136084453596,-11509.22614445998,14466.518398108292,31548.43676667652,-187500.02235174447,-4293.837165097852,8390.978978989004,-12804.733253089578,-9114.102615607097,2964.400108385099,-187500.02235174447,14818.513669790467
73503.71164127727,51419.69638105588,15538.150434273533,15878.947481983601,-16131.075159439464,-11519.08326376477,13595.69443412953,32651.964742179483,-187500.02235174447,-2913.6169449826416,9513.796509956897,-12860.120875849829,-8410.559107131852,4060.037918095341,-187500.02235174447,10949.538463299092
83021.3973547694,62171.556016392235,16796.79951629633,14908.792365645453,-16868.213339831036,-12645.16414942314,15553.573137947697,32999.86964462634,-187500.02235174447,-3999.3305801547267,8743.913023938301,-12199.760937662237,-8732.781855199559,3434.166721602288,-187500.02235174447,13396.450984054922
74710.14704825247,51942.83896003234,15125.38076941738,16001.278579387497,-16194.822334626,-10898.218858029706,13309.010959745761,31560.48435693793,-187500.02235174447,-3523.797216868069,8947.179788014864,-13289.29672113618,-8828.290859257086,3403.1648520427766,-187500.02235174447,13114.282562051125
78112.39547877258,57116.95487701355,16510.674835523943,15324.154832858425,-16472.45335250537,-12495.250999361397,14926.00320887604,33570.42027359251,-187500.02235174447,-3187.783442471438,9380.624816492178,-12311.0055698163,-8340.575795242286,4016.675533852045,-187500.02235174447,11160.20365479036
80538.6102841628,58410.56208736445,15870.632633046227,15355.51433032922,-16680.123410239627,-11535.467092450512,14525.974038359409,31586.457083994996,-187500.02235174447,-4297.569906421889,8415.811767078849,-12764.522464814481,-9096.556496209681,2970.792707299317,-187500.02235174447,14807.40485279618
73441.17146029133,51357.80440065914,15516.893925296537,15921.326389470863,-16111.986769674633,-11465.059097416293,13582.193980478523,32661.777157995366,-187500.02235174447,-2871.3497962176557,9534.829501489343,-12861.551387494968,-8409.910906542647,4060.730822173455,-187500.02235174447,10944.866948707933
82951.97283649122,62138.7660072763,16799.4146703976,14911.049891835439,-16879.67978473661,-12665.750106066478,15550.198024534944,33033.218447353654,-187500.02235174447,-3956.236416844895,8777.30653015453,-12187.22160902281,-8726.836291174448,3435.284308825053,-187500.02235174447,13309.77091905724
74762.0477988777,51998.45010023715,15111.746205299642,15982.905445445234,-16230.674532732313,-10919.58712572898,13288.313244380146,31531.203571701477,-187500.02235174447,-3587.1420606544093,8931.600622129516,-13301.389014886501,-8873.128458634432,3372.7888313280146,-187500.02235174447,13129.437044791825
77954.43570070693,56946.70163949748,16485.573826500633,15336.515347542208,-16475.984928129306,-12494.37928132764,14872.090801249838,33550.25900009382,-187500.02235174447,-3181.9943406575135,9396.449851566536,-12331.278602037264,-8316.525318208376,3993.966161485453,-187500.02235174447,11088.85688648902
80592.50034004454,58508.61919028988,15887.754069298991,15360.252900153746,-16693.60151214618,-11550.778037402397,14529.617372705625,31601.857435924703,-187500.02235174447,-4288.696263873132,8426.04886603938,-12751.580804774858,-9082.676062902936,2954.3641751246664,-187500.02235174447,14760.935576073596
73349.35049406893,51271.52666706165,15502.87938152306,15940.101854813322,-16118.535830800038,-11449.16700710857,13555.39423887661,32640.006558895897,-187500.02235174447,-2904.072750100225,9537.332896868336,-12868.793352698489,-8420.237412481,4037.619118406668,-187500.02235174447,10928.058436877542
82854.96626555518,62082.48431473784,16822.749891608943,14942.09646488386,-16855.15992106914,-12657.614071084747,15573.46619051292,33078.48072987566,-187500.02235174447,-3929.391971754071,8825.563946433538,-12161.49475115475,-8686.75961336608,3479.2948936575526,-187500.02235174447,13235.563127465623
74787.66289802348,52058.553941077465,15121.200993204237,15994.59540779536,-16224.706616962745,-10906.466651733715,13325.01480877576,31525.973263498934,-187500.02235174447,-3573.149868625387,8934.77456984217,-13288.268540891237,-8867.540522520605,3379.6284651313385,-187500.02235174447,13166.65269930991
77787.80344579261,56791.8040504222,16467.960651869853,15354.955536717838,-16466.910119880453,-12473.927435151034,14865.385277913247,33549.297875082244,-187500.02235174447,-3182.843706946815,9405.748177259944,-12331.032732848256,-8347.03544938987,4031.472388681458,-187500.02235174447,11057.698554718323
80670.91025959376,58636.113540662955,15902.707386339593,15344.89725171295,-16699.658834893566,-11567.430087021601,14576.466629083949,31632.21110489501,-187500.02235174447,-4320.5698514664,8406.71460708554,-12751.692563497134,-9067.610987140059,2957.9181024930604,-187500.02235174447,14758.096904527772
73299.68491788923,51217.72601815773,15472.68217476394,15916.364302201786,-16139.412360121294,-11454.352611822202,13545.648878294096,32597.806465364276,-187500.02235174447,-2931.788913224806,9502.68769296261,-12899.996387958097,-8443.662040670162,4003.778577301333,-187500.02235174447,10951.25954762215
82803.91488121926,62047.257965476274,16806.3660629232,14913.24036279206,-16877.19874110207,-12695.9473128256,15570.359298033633,33079.240689187136,-187500.02235174447,-3950.4920185198807,8799.814736821025,-12178.236207751777,-8701.847040873414,3439.9111199273016,-187500.02235174447,13181.158981461405
74858.9649628359,52126.235023288136,15105.21949591869,15980.714974488614,-16250.187605641797,-10904.656160432836,13314.554192370677,31491.730390993405,-187500.02235174447,-3634.0360205216434,8871.340319078006,-13327.741721599308,-8908.62302882946,3318.675258001716,-187500.02235174447,13202.169621249393
77637.44326084177,56624.3671327075,16442.613773657533,15357.525987330198,-16469.12294258153,-12466.8419321587,14821.665265758666,33521.55936021321,-187500.02235174447,-3165.9681398830585,9410.956133718031,-12350.121122613087,-8341.045181875847,4017.703714096989,-187500.02235174447,11016.7501588762
80742.0111587061,58737.52340525668,15932.748130887525,15353.23445239478,-16697.02132904784,-11575.923749914617,14591.241132168905,31652.59589583825,-187500.02235174447,-4326.917746891707,8410.693217598584,-12733.498243510514,-9088.554571694682,2974.5254486233534,-187500.02235174447,14752.06193352484
73243.0903009284,51144.36759285541,15471.028145674247,15943.499319970528,-16130.650476294813,-11427.061131842273,13536.886994467617,32589.4916164269,-187500.02235174447,-2922.982325909415,9516.255201846981,-12896.308350122972,-8398.75738605945,4040.971880074964,-187500.02235174447,10979.758021802667
82732.9257408292,61992.85381947206,16818.52541190689,14934.09454036886,-16870.33675555429,-12688.861809833266,15583.479772028897,33117.79744837254,-187500.02235174447,-3920.674791416501,8801.401710677352,-12179.577312419095,-8702.025854829057,3491.3871874078736,-187500.02235174447,13140.098826897005
74936.436109118,52213.80915806403,15130.074635752993,15989.745079248558,-16254.8367684885,-10898.643541174359,13347.612422420076,31496.51366430684,-187500.02235174447,-3649.9951660627326,8869.976862666234,-13318.152823227982,-8912.802805042602,3312.1485486207666,-187500.02235174447,13270.633014516
77496.58256728442,56475.95154952426,16443.664305646933,15415.349950236077,-16427.615753128022,-12404.704082572947,14818.31250409037,33543.95580815742,-187500.02235174447,-3143.817561127849,9423.763683290921,-12345.87429116658,-8340.12876035318,4005.767882557855,-187500.02235174447,11009.08351052803
80813.11205781842,58850.2879560337,15977.116343631309,15358.487112341776,-16683.900855052576,-11581.556389517355,14654.764789910889,31698.17110278262,-187500.02235174447,-4292.18313600816,8455.776686164938,-12669.594606112792,-9054.557568378159,3011.919917097082,-187500.02235174447,14755.101770770762
73175.49862569555,51077.513525189584,15460.612232758074,15965.851064425835,-16117.552354044004,-11389.241980223893,13528.974476930438,32564.837642292696,-187500.02235174447,-2945.736401764918,9499.245524316493,-12911.529888097035,-8417.935182802103,4006.2819726803273,-187500.02235174447,11011.765719862668
82646.20097234262,61940.28251651317,16833.121101036206,14949.897223698763,-16859.160883326636,-12688.057147032876,15588.061879642235,33147.122937097905,-187500.02235174447,-3906.5261371762917,8831.308344758552,-12171.620091393006,-8667.71592709016,3495.5893153654715,-187500.02235174447,13090.679119906321
74984.42530446354,52278.562161751055,15136.824862578496,15974.568244763404,-16259.26241389065,-10905.438471488771,13362.543387716221,31484.153149623056,-187500.02235174447,-3645.0107270491994,8876.145944135898,-13294.035290960705,-8924.962154026289,3328.331211606409,-187500.02235174447,13309.323884168136
77345.01538813298,56327.513614596566,16419.904401290943,15418.590953182096,-16435.975305554308,-12401.9771697494,14778.280529770915,33527.124944582574,-187500.02235174447,-3158.167381068156,9422.355523390237,-12357.810122705714,-8346.811931945316,3998.0118272318637,-187500.02235174447,10970.593806575991
80906.47529440824,58985.20308556594,15977.697488987147,15310.74378618524,-16732.895878898606,-11640.095608245803,14648.729818907956,31690.504454434453,-187500.02235174447,-4334.025601628495,8413.129557744212,-12693.287455235417,-9093.13667930802,2976.6488643466073,-187500.02235174447,14734.158186216138
73143.13329972426,51037.77212354805,15431.979648110826,15954.429323009173,-16139.010028721099,-11390.426622680025,13465.786095355284,32531.555894798745,-187500.02235174447,-2971.9549980109928,9476.49144846099,-12946.152740258305,-8453.72032567505,4013.7921588173103,-187500.02235174447,11022.98629557923
82587.66175361416,61902.37395791698,16841.14537729566,14951.126569643804,-16846.129816309192,-12695.522629680949,15558.691687427961,33168.491204797174,-187500.02235174447,-3885.135517732563,8851.313156046052,-12160.108942998522,-8666.777153823037,3510.6320393838932,-187500.02235174447,13025.277915630093
75066.41150312561,52368.527933183665,15140.959935302728,15960.911328901211,-16273.902806508877,-10915.697922193756,13337.263564737268,31447.675102671994,-187500.02235174447,-3677.6219222094924,8848.206263566764,-13304.562962599155,-8927.934936038844,3288.5451064759623,-187500.02235174447,13347.970050331362
77209.60852022273,56182.24962738152,16413.109470976528,15438.171081324946,-16418.496241390258,-12366.437896065461,14720.590677331767,33507.142485039534,-187500.02235174447,-3140.8000756263827,9441.376857921703,-12364.247425108842,-8333.065609105302,4033.260528237883,-187500.02235174447,10939.323716083016
80973.7093417298,59090.70331939499,16018.847050529368,15331.776777717683,-16714.053358322784,-11623.48826211551,14660.911519636098,31725.596693229283,-187500.02235174447,-4304.90127860323,8439.90694760167,-12648.271041902428,-9053.797609066678,2990.2610767198894,-187500.02235174447,14725.262191922928
73086.49397927451,50977.10948909634,15432.717255677851,15974.635299996771,-16130.47166233917,-11360.832913021197,13442.227356699392,32506.030202630784,-187500.02235174447,-2953.87243674665,9489.54486722289,-12932.004086018096,-8454.01089835297,3995.8884115086094,-187500.02235174447,11049.786037181144
82505.45203750754,61851.25551834769,16847.605031443243,14970.639642553288,-16844.72165640851,-12689.711176122568,15544.118350043102,33193.2345859092,-187500.02235174447,-3858.268720897284,8869.552179521583,-12145.446198635842,-8664.38551716632,3533.5872809394937,-187500.02235174447,12973.555978960512
75114.3783467267,52443.2274631533,15149.699467384753,15980.73732623307,-16278.417858888848,-10887.244151502151,13335.050742036194,31444.970541592902,-187500.02235174447,-3688.596628737048,8853.056592113566,-13273.270520361724,-8928.650191861414,3292.7248826891046,-187500.02235174447,13387.622044995076
77062.01995158434,56018.768968435405,16383.739278762256,15445.569508739653,-16426.72168334981,-12359.419448306495,14682.43624954656,33484.12018825056,-187500.02235174447,-3123.9692120515365,9437.19708170856,-12361.319346585196,-8334.630231217174,4080.9815026499637,-187500.02235174447,10899.96229409722
81051.1804880119,59203.33375970528,16025.910201777246,15308.016873361692,-16732.001809120397,-11659.675736388654,14677.161237855105,31733.12923111072,-187500.02235174447,-4323.766150923509,8421.354999703766,-12640.045599942876,-9069.60029239658,2972.8937712781158,-187500.02235174447,14691.108726395218
73034.79439434939,50912.35648540932,15405.515182675743,15982.950148934146,-16133.600906562915,-11343.443255834969,13409.616161539097,32475.117740049096,-187500.02235174447,-2954.788858269317,9483.286378775403,-12951.807731605499,-8446.254843026978,3989.518164338847,-187500.02235174447,11040.331249276549
82409.20542588299,61767.52588361811,16836.80913887133,14970.572587319923,-16849.035543088383,-12692.12516452374,15525.029960278269,33200.00716447916,-187500.02235174447,-3858.9616249753985,8870.84858069999,-12147.681373081372,-8658.529360119028,3532.804969883558,-187500.02235174447,12891.189800642705
75155.10322512427,52492.35659746607,15152.918118586316,15969.695564472147,-16281.390640901405,-10889.836953858967,13344.416122962968,31430.97834956388,-187500.02235174447,-3689.0660153706094,8846.440475754795,-13269.537779037688,-8932.472340163273,3288.5674582204174,-187500.02235174447,13392.22650435287
76896.37117342606,55849.745076864376,16362.14749361843,15459.516997279765,-16413.757671565734,-12331.904450882013,14660.151560324617,33474.352475923595,-187500.02235174447,-3132.909909833659,9443.567328878324,-12381.190047405964,-8349.56119651332,4034.020487549363,-187500.02235174447,10848.888558016844
81093.58174724362,59292.91955148215,16038.516585650039,15283.564064927587,-16748.139768617126,-11691.996358871027,14705.302084124338,31749.468356307552,-187500.02235174447,-4303.604877424822,8437.627069667229,-12620.286657844385,-9064.481742916316,3000.766396613884,-187500.02235174447,14654.742438166433
72939.9112391366,50825.96699308956,15384.772763821216,16000.831544498391,-16117.082967410443,-11310.094453107651,13387.957321161906,32451.46959441538,-187500.02235174447,-2967.372890397655,9481.92292236363,-12962.693031155233,-8469.00891888248,3997.1848126870173,-187500.02235174447,11039.370124264971
82288.46130233542,61683.192751788236,16828.337827722768,14946.745627730565,-16865.262909562935,-12731.955973143098,15526.50517541232,33214.96048151976,-187500.02235174447,-3842.868368967577,8890.182839653831,-12145.088570724556,-8617.156281132255,3524.020734312622,-187500.02235174447,12805.694378101156
75215.58704562033,52560.39530758802,15134.746150344152,15937.956087345612,-16305.463469679771,-10908.992398857165,13359.771771403763,31407.59842486363,-187500.02235174447,-3760.301024949673,8790.136431471878,-13298.39388112949,-8967.452820235827,3246.523826899985,-187500.02235174447,13416.902830231527
76723.92746495336,55669.88058923252,16322.517850699169,15462.288613592222,-16406.82863078459,-12318.828680375658,14622.84649882871,33458.03570247122,-187500.02235174447,-3122.0916655172905,9449.512892903434,-12394.846963268157,-8344.196777844045,4034.668688138567,-187500.02235174447,10797.814821936468
81142.97910248984,59382.03595662546,16055.28039399152,15272.008213044193,-16747.379809305647,-11716.94090568315,14732.213584448527,31777.273926409955,-187500.02235174447,-4305.974162337085,8424.707761372061,-12618.140890376675,-9056.189245723397,3015.630306676663,-187500.02235174447,14623.8523273292
72912.4632969455,50777.463707621544,15351.692182027362,15964.420552780695,-16154.589194606448,-11331.90975569603,13370.344146531123,32411.21410265137,-187500.02235174447,-2986.528335395853,9432.994953750964,-13002.657950241322,-8481.190619610623,3952.1683993540287,-187500.02235174447,11065.096982133029
82219.3050049907,61614.595248054895,16821.47584217499,14963.688250027688,-16855.875176891706,-12711.906458366688,15512.445928149931,33237.8933713309,-187500.02235174447,-3853.4183923504825,8859.024507883132,-12172.93884431587,-8659.803409552982,3567.9195604228453,-187500.02235174447,12772.47968584057
75293.01348841352,52649.355250520144,15159.243662267168,15945.466273482594,-16303.250646978695,-10895.313131250517,13377.474353012367,31407.754887074818,-187500.02235174447,-3745.2806526757067,8794.78559431858,-13268.017860414728,-8945.548110669626,3244.288652454454,-187500.02235174447,13483.756897897352
76607.2290071522,55543.30266038211,16308.659769136879,15458.824093201649,-16416.35047392255,-12315.274753007265,14593.297492658794,33428.8890277015,-187500.02235174447,-3117.8001305818716,9425.39536063616,-12416.416396667528,-8347.147208112146,4038.4014294626036,-187500.02235174447,10805.883801684833
81234.57655126769,59506.15519358578,16072.826513388934,15272.589358400031,-16759.494454800424,-11716.873850449783,14756.979317305007,31806.9570430466,-187500.02235174447,-4326.269546302503,8401.886630283194,-12613.871707185712,-9071.254321486274,3013.9539258425148,-187500.02235174447,14641.309039748794
72879.8521017852,50738.37050656921,15348.339420359067,15994.93068396219,-16141.28990665554,-11291.631912187566,13360.218806292869,32406.296718871206,-187500.02235174447,-2966.9705589974596,9439.499311387457,-12991.370319291393,-8487.896142947215,3974.520143809336,-187500.02235174447,11118.450596147848
82157.97181820535,61569.087096343894,16825.968542810508,14963.10710467185,-16862.245424061468,-12724.736359684035,15528.561535902207,33266.57065946706,-187500.02235174447,-3816.6944762104126,8875.52009529115,-12175.822219350603,-8647.822874524936,3554.8661416609457,-187500.02235174447,12748.071580895376
75395.80916116347,52757.06830705027,15154.370981975911,15944.192224048642,-16320.550897187102,-10892.139183537864,13402.642417269042,31402.435171894453,-187500.02235174447,-3783.5021356942816,8761.414439846807,-13279.05962217565,-8979.67922445288,3225.468483623086,-187500.02235174447,13553.986078975926
76479.51113933459,55407.40405409385,16303.675330123346,15530.439082436453,-16375.938519947353,-12241.424589326929,14580.780515763821,33466.43995838642,-187500.02235174447,-3085.434804610587,9461.471076187025,-12387.694405042459,-8322.157957811112,4070.9902728784414,-187500.02235174447,10803.916848172767
81319.35671798668,59624.820604899,16109.371615573362,15274.332794467546,-16767.8093037378,-11734.71054252512,14799.000596880986,31843.323331275387,-187500.02235174447,-4313.171424051693,8428.552261418374,-12574.44322996655,-9055.831617812111,3037.2891470538557,-187500.02235174447,14655.61415620019
72850.90659271558,50703.39002649666,15348.831158737083,16026.916030277735,-16119.72047325617,-11254.41625766948,13349.489968954322,32402.385163591527,-187500.02235174447,-2963.438983373521,9455.279642972904,-12983.256636054115,-8487.225590613556,3998.190641187506,-187500.02235174447,11171.848913651576
82083.2722882357,61510.436118893165,16837.90437434964,14983.223674681625,-16840.631287173186,-12722.836461405333,15525.387588189555,33290.3082120786,-187500.02235174447,-3804.713941182368,8898.229467657742,-12157.136160985967,-8631.036714439,3552.183932326309,-187500.02235174447,12721.785929415933
75482.89155756135,52858.34406117727,15179.896674143873,15942.024104836477,-16314.426519206349,-10893.435584716271,13413.930048218972,31399.73061081536,-187500.02235174447,-3777.5789234136255,8781.083974967478,-13244.749694436752,-8967.72104116929,3233.850387793826,-187500.02235174447,13617.845012884738
76366.523071113,55282.05547118848,16292.946492784798,15523.532393399764,-16372.71986874579,-12245.246737628788,14547.78934094779,33443.1941441529,-187500.02235174447,-3060.065574653813,9473.026928070418,-12399.965512748422,-8314.200736785024,4103.869688972198,-187500.02235174447,10799.401795792795
81416.7656203229,59758.93107163085,16131.142214672831,15242.906241763383,-16779.208693410004,-11779.034051779992,14816.591419767312,31853.895706402745,-187500.02235174447,-4313.28318277397,8427.814653851348,-12564.072020539286,-9050.623661354026,3014.5127194538977,-187500.02235174447,14650.786179397845
72873.3030406598,50701.28896251786,15325.048902636636,16011.78389928149,-16144.48620611265,-11255.80206582571,13318.242230205802,32353.613657190046,-187500.02235174447,-3017.083170066258,9416.119386687205,-13022.394540595358,-8521.624925330272,3913.7233988909006,-187500.02235174447,11216.261829884272
82038.63585455845,61462.37986831425,16840.832452873285,14993.10314573087,-16836.630324915688,-12722.635295705235,15509.54020137074,33304.25570061871,-187500.02235174447,-3793.985103843821,8924.224546459263,-12146.519082369696,-8609.1320048728,3592.059444434577,-187500.02235174447,12681.8433620743
75622.14292551791,52982.686815582136,15193.777107450618,15936.212651278098,-16326.228240278751,-10896.341311495462,13424.837699513162,31382.54211932923,-187500.02235174447,-3802.232897547829,8754.597157787939,-13248.325973549603,-8985.088346611064,3231.2128819480995,-187500.02235174447,13677.300653135855
76313.99647164303,55172.55427510194,16263.531597081614,15510.814250804693,-16395.183371923373,-12254.925042977935,14503.15290727054,33391.718076672325,-187500.02235174447,-3078.7069295295396,9454.363221450236,-12434.521309676327,-8344.688516222062,4087.9328951755638,-187500.02235174447,10798.463022525671
81576.33472398933,59906.76550945825,16148.330706158962,15228.95875322327,-16797.55947560781,-11805.923200359726,14827.879050717242,31863.283439073974,-187500.02235174447,-4330.158749837727,8417.979886291014,-12562.127418771675,-9054.199940466875,3022.6487544356296,-187500.02235174447,14650.585013697746
72917.44773595902,50696.63979967115,15321.249106079234,16035.297934448474,-16127.320066370972,-11217.960562462875,13295.175229927925,32333.050052291164,-187500.02235174447,-3027.2979172823334,9414.845337253253,-13023.914459218318,-8529.671553334183,3899.5076894173253,-187500.02235174447,11267.13440026455
82015.47944730276,61415.88823984722,16853.57294721281,15006.648302870788,-16824.068644531806,-12717.404987502694,15500.532448355252,33326.920369496394,-187500.02235174447,-3759.585769127103,8940.742485611736,-12143.50159686823,-8600.168955346222,3623.1730727163645,-187500.02235174447,12645.722943034523
75768.61390693353,53110.628200844316,15212.10553790397,15940.280668768964,-16325.42357747836,-10897.481250462683,13433.443121128455,31377.937659971438,-187500.02235174447,-3811.263002307773,8747.39989607333,-13230.533984963178,-8968.413945247406,3198.9146112101807,-187500.02235174447,13731.749502628983
76228.36693863475,55051.63133759872,16261.475236591727,15541.369085475098,-16377.637252525958,-12224.504318774263,14475.928482523977,33390.64519293847,-187500.02235174447,-3056.690461241062,9484.605131698267,-12412.929524532501,-8330.562213726309,4082.9484561620307,-187500.02235174447,10794.909095157278
81686.37236194282,60035.77977845428,16179.734907118667,15227.371779366946,-16799.90640877562,-11819.736578433107,14851.393085884225,31891.536044065484,-187500.02235174447,-4327.208319569626,8418.3375142023,-12542.212014461997,-9063.632376627014,3047.883873925671,-187500.02235174447,14642.627792671658
72932.17753555508,50690.358959479214,15329.429844549877,16063.528187695527,-16118.558182544493,-11192.859553439564,13285.452221089867,32313.8275520596,-187500.02235174447,-2999.3358849687443,9423.473110613002,-13027.043703442063,-8513.555945581908,3937.013916613331,-187500.02235174447,11302.628970459578
81940.2434754662,61340.764026732926,16878.29397658038,15025.267306002059,-16810.501135647435,-12718.634333447735,15498.11845995408,33348.91448604041,-187500.02235174447,-3744.9900799977877,8983.859000666023,-12118.110015167,-8576.096126567856,3632.761971087691,-187500.02235174447,12596.794974421857
75891.19087352644,53238.279013428575,15239.06174171707,15936.659686167204,-16333.447853737815,-10887.19944801324,13460.466380174921,31361.44207256342,-187500.02235174447,-3838.66624100998,8731.35134355442,-13225.840118627564,-8984.73071869978,3197.975837943058,-187500.02235174447,13782.085631142334
76126.04065251835,54924.91929828159,16260.357649368962,15571.365126534121,-16358.750028461222,-12179.1749810189,14452.213281656896,33372.38381771849,-187500.02235174447,-3045.022850635392,9498.127937093728,-12413.421262910517,-8314.848937374227,4105.2331453839715,-187500.02235174447,10785.387252019316
81794.37599115087,60164.48112302794,16222.247925072663,15222.275581631135,-16797.581827352267,-11834.019343140048,14891.04508054794,31920.190980457188,-187500.02235174447,-4323.274412545492,8431.592098664296,-12514.875830993156,-9019.062998183132,3048.1297431146795,-187500.02235174447,14635.89991759061
72942.90637289362,50670.39885168062,15323.171356102392,16063.662298162259,-16114.937199942733,-11179.806134677665,13273.270520361724,32288.614784314013,-187500.02235174447,-3003.6050681597076,9423.651924568645,-13026.171985408306,-8513.757111282004,3938.8914631475764,-187500.02235174447,11351.087552438683
81870.21546008771,61261.39298217213,16876.237616090493,15044.467454489168,-16792.28446391636,-12703.010464073475,15490.027128461257,33374.127253786,-187500.02235174447,-3729.656783301447,8976.34881452904,-12126.916602482392,-8570.955225343136,3655.270177754185,-187500.02235174447,12558.797008847834
76008.76104936136,53344.13687516891,15249.187081955324,15921.86283133779,-16344.333153287549,-10903.96325635472,13475.486752448887,31357.77638647275,-187500.02235174447,-3841.0578776666976,8736.715762223694,-13203.622484638989,-8979.835686664068,3219.7017335536166,-187500.02235174447,13834.008733512013
76009.85628483967,54777.08486045419,16233.222631600218,15586.653719741551,-16352.692705713835,-12157.560844130618,14418.439795784927,33360.872669324,-187500.02235174447,-3042.050068622836,9493.523477735935,-12428.978077051412,-8308.992780326937,4093.4537760560247,-187500.02235174447,10769.22694077813
81850.9706081117,60253.01638281541,16243.057399160552,15222.342636864501,-16805.829621056273,-11855.812293983972,14911.698092424644,31949.22589650463,-187500.02235174447,-4300.319170989892,8453.2956425304,-12489.350138825195,-9015.062035925632,3070.794411992361,-187500.02235174447,14607.155574221084
72930.25528553192,50640.02283096586,15303.010082603703,16073.832341889423,-16123.855545980401,-11169.6360909505,13260.261805088736,32252.024978640675,-187500.02235174447,-3023.0734375802804,9403.892982470154,-13048.97076475272,-8526.87758527727,3917.523195448303,-187500.02235174447,11379.608378363655
81783.26717415657,61171.807190395266,16874.24831083397,15053.989297627128,-16797.85004828573,-12710.274781021451,15487.054346448702,33373.32259098561,-187500.02235174447,-3697.336160819073,8999.326407829096,-12121.149852412922,-8559.801704859938,3680.661759455414,-187500.02235174447,12494.066356905265
76104.67238481909,53451.33584157656,15257.792503570618,15917.0572062799,-16358.750028461222,-10903.8738493769,13506.510973752855,31330.73077568183,-187500.02235174447,-3865.8236105231776,8718.990828870634,-13203.80129859463,-8980.036852364165,3178.1274888667454,-187500.02235174447,13862.149579781244
75884.01596355629,54630.81504473866,16216.615285469925,15613.788737510293,-16333.649019437913,-12129.107073439012,14399.977254864843,33340.957265014324,-187500.02235174447,-3011.182309530057,9516.009332657974,-12429.089835773688,-8321.174481055079,4120.231165913483,-187500.02235174447,10734.805254316958
81906.60410006095,60327.38063661822,16262.861044747955,15209.602142524976,-16820.961752052517,-11882.120297207868,14941.470616039112,31965.90029786829,-187500.02235174447,-4281.320188202881,8461.632843212228,-12473.815676428758,-9025.746169775268,3103.986752508492,-187500.02235174447,14566.318937101238
72923.21448602849,50603.880060181626,15284.055803305604,16055.682725391714,-16148.978906748165,-11176.967463131841,13249.868243917019,32210.964824076276,-187500.02235174447,-3031.276527795378,9392.582999775768,-13065.242834716182,-8537.628774360273,3903.262782485817,-187500.02235174447,11397.601532650177
81686.23825147608,61070.2632153348,16849.23670878848,15037.672524174754,-16806.723690834486,-12725.049284106408,15475.476142820853,33387.58300394809,-187500.02235174447,-3714.0999691605534,8987.927018156888,-12146.742599814248,-8578.13013531329,3643.021421792677,-187500.02235174447,12432.911984075545
76212.72071751603,53550.17525555793,15252.897471534905,15902.975607273056,-16380.319461860594,-10908.724177923701,13516.301037824278,31324.382880256522,-187500.02235174447,-3899.8206138397,8686.469040688162,-13211.110319031515,-9009.362341089529,3134.0498488008798,-187500.02235174447,13891.117440595322
75763.87533710901,54478.55496150911,16186.574540921993,15627.646819072585,-16333.023170593164,-12095.53475326714,14364.79560909219,33334.83288703357,-187500.02235174447,-3000.185251258046,9522.133710638727,-12432.442597441985,-8324.057856089814,4118.979468223985,-187500.02235174447,10712.162937183732
81981.68360968634,60428.56698376739,16274.17102744234,15198.090994130493,-16824.582734654276,-11897.58770437094,14968.315061129935,31996.67864998325,-187500.02235174447,-4277.6321503677555,8457.855398399282,-12458.437676243506,-9016.336085359584,3104.8361187977935,-187500.02235174447,14542.603736234158
72922.27571276137,50589.77610943033,15273.014041544682,16063.349373739884,-16139.993505477132,-11153.095800053574,13249.711781705832,32189.685963354823,-187500.02235174447,-3042.2512343229337,9377.137944357151,-13072.082468519506,-8547.999983787535,3895.305561459728,-187500.02235174447,11435.979477879939
81602.39685802422,60980.63272006902,16852.500063478954,15048.513120235577,-16802.99094951045,-12727.820900418867,15471.20695962989,33385.70545741385,-187500.02235174447,-3686.54026824716,9004.087329398077,-12144.395666646442,-8567.602463674839,3674.6491401969365,-187500.02235174447,12386.487410841872
76322.71365198061,53657.97771906587,15272.321137466568,15890.928017011645,-16387.9190549754,-10919.788291429079,13543.771331759852,31312.37999348402,-187500.02235174447,-3899.86531732861,8670.53224689153,-13206.192935251349,-9010.032893423187,3151.0148228424578,-187500.02235174447,13934.993914961091
75648.67444618636,54338.588337729976,16174.705764616225,15642.913060535559,-16320.32737974255,-12077.586302469528,14345.662515838447,33308.59193904304,-187500.02235174447,-3000.565230913786,9518.22215535905,-12453.36383025215,-8323.07437933378,4105.411959339614,-187500.02235174447,10699.198925399653
82046.5707238401,60518.68921741119,16311.319626727061,15200.10265113147,-16817.89956306214,-11907.221306231178,15004.323721447436,32034.453098112717,-187500.02235174447,-4300.609743667811,8469.433602027131,-12444.624298170125,-9006.344855588062,3083.84783075426,-187500.02235174447,14524.63293369209
72913.80440161281,50568.05021381977,15282.602939916009,16091.892551409312,-16125.040188436531,-11114.896668779455,13241.419284512913,32187.696658098303,-187500.02235174447,-3027.3873242601544,9407.133985416172,-13061.286575947594,-8537.248794704532,3909.320105233205,-187500.02235174447,11483.476934847467
81473.8296239173,60867.84581754754,16859.33969728228,15075.31286183749,-16791.055117971315,-12715.952124113099,15456.700677478395,33414.919187416934,-187500.02235174447,-3648.9893375622437,9041.817074038634,-12130.895212995436,-8527.928117266669,3699.0348933976766,-187500.02235174447,12343.415599276495
76399.7824668625,53767.94830178598,15295.276379022167,15898.14763047071,-16389.796601509643,-10921.9787623857,13566.25718668189,31317.565598197652,-187500.02235174447,-3918.39491348206,8677.260121972577,-13168.977280733263,-9008.043588166665,3147.6397094297063,-187500.02235174447,13976.702270114694
75523.61643595892,54202.37680701933,16159.685392342257,15648.612755371661,-16329.04456008012,-12071.081944833035,14316.35937885754,33285.99432539872,-187500.02235174447,-2990.350483697711,9524.637106017723,-12460.158760566565,-8330.092827092747,4110.418750097603,-187500.02235174447,10692.69456776316
82117.22458806331,60624.48002391816,16339.41576950738,15192.368947549934,-16832.204679513536,-11931.204728031724,15031.25757351608,32062.63864787086,-187500.02235174447,-4304.007208825017,8466.974910137047,-12435.281268987808,-9007.93182944439,3075.242409138967,-187500.02235174447,14510.417224218516
72914.54200917983,50555.712050880444,15284.279320750156,16112.769080730568,-16114.71368249818,-11075.825819471576,13229.170528551404,32167.669495066348,-187500.02235174447,-3035.3221935417887,9401.367235346703,-13061.733610836698,-8546.994155287046,3910.527099433792,-187500.02235174447,11535.690609895064
81386.2107856525,60784.160886306876,16871.6331567327,15064.4052105433,-16785.914216746594,-12728.334990541338,15456.2983460782,33426.36328057805,-187500.02235174447,-3632.8066745766014,9060.056097514165,-12127.967134471792,-8522.384884641753,3720.984306452788,-187500.02235174447,12304.881191835546
76527.34387246893,53909.59130639926,15305.826402405073,15865.692897521603,-16408.080328474087,-10940.575413772514,13592.475782927964,31307.462609703853,-187500.02235174447,-3943.853550416655,8648.828703025425,-13182.813010551097,-9025.030913952698,3126.3161452193435,-187500.02235174447,14034.816805698492
75426.56516153397,54090.126346364785,16135.880784497356,15664.013107301369,-16311.096109282507,-12040.996496796191,14282.049451118643,33267.710598434285,-187500.02235174447,-3012.568117686286,9515.763463468966,-12482.957539910978,-8319.587507198752,4090.8386219547538,-187500.02235174447,10698.863649232824
82159.42468159493,60709.05902493704,16346.52362424417,15175.158104319347,-16834.059874303326,-11967.727478471694,15040.935878865228,32085.39272372636,-187500.02235174447,-4286.170516749682,8484.901009190204,-12413.376559421607,-8992.665587981413,3109.753502577961,-187500.02235174447,14484.802125072734
72905.1095730197,50540.35640243965,15253.880948290938,16091.08788860892,-16143.234508423151,-11102.089119206563,13213.680769643875,32132.621959760425,-187500.02235174447,-3057.137496130168,9365.269168051384,-13100.849163633486,-8564.540274684463,3851.674956282968,-187500.02235174447,11564.881988153695
81295.86503456415,60686.17083861481,16849.795502399862,15071.401306557813,-16789.199923181524,-12728.022066118965,15435.667685945951,33434.58872253761,-187500.02235174447,-3655.650157409925,9051.718896832335,-12151.570576616596,-8548.201149487633,3686.9202479029,-187500.02235174447,12265.117438449555
76629.55839986306,54014.3986361502,15314.253010064724,15879.461572106073,-16402.268874915706,-10921.7775966856,13614.559306449808,31324.382880256522,-187500.02235174447,-3950.8049429422554,8651.175636193233,-13162.987013219239,-9043.046419983677,3132.015840055447,-187500.02235174447,14081.822524288002
75329.80445978694,53961.22383609103,16107.695234739214,15670.919796338057,-16316.348769229506,-12021.014037253146,14265.710325921813,33253.40548198289,-187500.02235174447,-2988.338826696733,9525.911155451675,-12481.23645558792,-8308.590448926741,4119.694724046555,-187500.02235174447,10703.289294634975
82251.35740653961,60812.3017325761,16364.04739189713,15168.81020889404,-16852.43300824559,-11980.020937922114,15078.352699083413,32118.227436331206,-187500.02235174447,-4285.65642662721,8481.145916121712,-12400.54665810426,-9002.366245075018,3108.3453426772767,-187500.02235174447,14485.360918684117
72959.8713469352,50562.350518983665,15245.722561564751,16099.179220101742,-16152.555185861014,-11081.100831163028,13208.830441097074,32107.0292123591,-187500.02235174447,-3079.2880748853777,9353.221577789973,-13098.569285699044,-8598.55962974544,3841.013174177787,-187500.02235174447,11646.041172270916
81218.88562666006,60605.32457891996,16855.58460421379,15102.671397050786,-16770.60327179471,-12702.094042550809,15427.218726541845,33462.01431298427,-187500.02235174447,-3611.304296410596,9079.680929145925,-12132.817463018593,-8514.517070593485,3735.8035130266567,-187500.02235174447,12240.508167804262
76782.60079414854,54173.49835318308,15331.46385329531,15845.352810067274,-16435.05888403164,-10961.45194309377,13635.838167171261,31299.348926466577,-187500.02235174447,-3969.580408284713,8635.685877285705,-13160.483617840246,-9050.042515998188,3101.103377473757,-187500.02235174447,14144.541519229595
75265.25262180003,53861.311538375805,16082.9965571161,15663.901348579091,-16341.38272301945,-12027.831319312016,14220.313932933084,33209.37254540593,-187500.02235174447,-3001.056969291803,9512.83538494532,-12510.539592568826,-8343.347411554743,4110.642267542156,-187500.02235174447,10714.286352906985
82356.74588164639,60932.911745656944,16380.542979305146,15158.66251691133,-16864.659412462643,-12009.972275492226,15084.65589101981,32144.066052921542,-187500.02235174447,-4285.187039993649,8470.886465416726,-12404.54762036176,-8985.714195455814,3146.6115291847623,-187500.02235174447,14467.323060908684
73016.44361215158,50582.62355120463,15240.134625450924,16110.198630118208,-16145.402627635316,-11059.911377419397,13197.65456886942,32090.35481099544,-187500.02235174447,-3076.114127172724,9345.979612586452,-13109.83456490452,-8586.512039484029,3846.3552411026053,-187500.02235174447,11697.047853117927
81161.68751259893,60513.57066793092,16850.62251694471,15122.56444961601,-16770.69267877253,-12691.007577300976,15404.375243708522,33476.09591199111,-187500.02235174447,-3589.578400800038,9095.774185153745,-12129.710570539304,-8518.11570145079,3738.0610392166427,-187500.02235174447,12211.27208605672
76946.03674960574,54316.70597990823,15360.766990276217,15856.752199739482,-16431.147328751962,-10951.863044722444,13653.697210991051,31309.809542871662,-187500.02235174447,-3978.8563822336655,8638.636307553805,-13121.815099932564,-9041.079466471609,3105.4172641536315,-187500.02235174447,14199.482107100739
75198.66677506767,53754.60431034617,16087.08692635142,15712.047006135823,-16301.373100444449,-11968.688603483273,14202.9019240024,33225.33169094702,-187500.02235174447,-2957.761640281873,9543.189053915627,-12493.105231893687,-8337.848882418739,4119.6723723021,-187500.02235174447,10732.83830080489
82456.83699331725,61040.24482253133,16419.01033151273,15151.778179619096,-16867.788656686385,-12034.693304859795,15120.619847848398,32178.398332404893,-187500.02235174447,-4281.029615524962,8499.58610529734,-12377.770230504302,-8979.500410497238,3133.692220889595,-187500.02235174447,14470.675822576979
73080.16843559366,50606.472862538445,15229.15991892337,16115.495993554116,-16141.62518282237,-11053.786999438644,13191.619597866487,32054.68142684477,-187500.02235174447,-3107.943011277081,9330.556908912291,-13113.679064950833,-8602.493536769574,3813.6099354755806,-187500.02235174447,11771.479162154099
81118.83921847811,60444.39201884175,16836.339752237767,15107.27585640858,-16780.527446332868,-12726.524499240459,15398.273217472222,33469.81507179917,-187500.02235174447,-3609.471453365261,9088.88984786151,-12146.519082369696,-8508.616210057284,3710.791910981168,-187500.02235174447,12182.706556642837
77133.18790593004,54483.226476100266,15370.624109581007,15844.212871100053,-16455.98011684181,-10989.905713785376,13690.130554453202,31304.266310246745,-187500.02235174447,-4022.330525199238,8608.03676939449,-13123.26796332216,-9058.98321378031,3085.211287166034,-187500.02235174447,14254.534453694161
75160.53469902692,53652.836817841155,16057.269699248041,15732.25298312342,-16298.13209749843,-11958.160931844823,14182.293615614608,33195.51446384364,-187500.02235174447,-2994.284390721845,9542.518501581968,-12504.795194243812,-8347.996574401448,4103.869688972198,-187500.02235174447,10726.26688793503
82560.45968061205,61133.49630039887,16432.644895630467,15152.784008119585,-16871.20847358805,-12067.013927342168,15154.23687150918,32207.545007174613,-187500.02235174447,-4268.266769440981,8513.623000815272,-12351.708096469414,-8977.48875349626,3102.9362205190923,-187500.02235174447,14420.607914997092
73148.25184920452,50628.556386060285,15226.991799711204,16132.550374573515,-16156.019706251587,-11031.524661961159,13202.571952649589,32045.316045917996,-187500.02235174447,-3141.6494419156843,9325.505414665391,-13123.26796332216,-8623.548880046474,3799.5059847242815,-187500.02235174447,11789.405261207256
81050.28641823369,60339.56233734636,16842.777054640897,15142.122226014404,-16762.89191995763,-12699.32242623835,15413.964142079849,33505.756676883306,-187500.02235174447,-3590.5842293005267,9128.050104147209,-12132.25866940721,-8500.256657631,3724.717047776824,-187500.02235174447,12116.657151777406
77267.61129708425,54607.52452701623,15382.291720186679,15851.65600200367,-16460.31635526614,-10973.164257188351,13734.185842774612,31313.318766751145,-187500.02235174447,-4031.830016592743,8607.835603694391,-13103.330207268025,-9060.525484147725,3055.438763551565,-187500.02235174447,14264.77155265469
75068.28904965986,53524.001362800765,16039.477710661617,15741.506605327917,-16307.341016214015,-11946.761542172617,14173.732897488226,33176.44842582326,-187500.02235174447,-2971.9773497554484,9563.775010558964,-12506.963313455977,-8338.407676030121,4096.493613301946,-187500.02235174447,10686.659596760226
82603.7997131109,61189.196847581494,16455.39897148597,15168.609043193943,-16877.981052158004,-12063.750572651694,15183.942339890284,32244.268923314685,-187500.02235174447,-4267.395051407225,8522.362532897298,-12353.228015092376,-8978.9192651414,3136.2850232464107,-187500.02235174447,14362.359268946562
73140.1605177117,50598.694455467994,15216.01709318365,16139.52411884357,-16163.39578192184,-11027.478996214748,13208.04813004114,32024.461868341194,-187500.02235174447,-3145.2257210285334,9339.56466192778,-13111.533297483124,-8610.115481628834,3759.0940307490864,-187500.02235174447,11798.994159578582
80888.12451221043,60183.59186453723,16830.46124344602,15171.850046139962,-16757.572204777265,-12682.98330104152,15402.944732063383,33518.22895028936,-187500.02235174447,-3571.5852465135154,9142.66814502098,-12143.50159686823,-8481.056509143891,3749.8404085445895,-187500.02235174447,12028.077188501024
77306.43627720312,54677.53019065025,15399.614322139541,15849.286717091409,-16472.11807633854,-10988.050518995586,13779.24695959651,31326.34983376859,-187500.02235174447,-4035.383943961137,8629.919127216235,-13075.34582320998,-9073.08716453161,3052.1307053721794,-187500.02235174447,14252.63455541546
74899.51102727784,53354.30691889607,16000.540971820472,15761.31025091532,-16314.94060932882,-11921.705236638218,14162.154693860377,33156.64478023586,-187500.02235174447,-2991.468070920476,9553.448504620614,-12539.976840016467,-8356.870216950205,4090.8162702102986,-187500.02235174447,10644.973593351078
82565.4441196256,61217.516507806366,16454.639012174488,15146.033781294082,-16896.465944822543,-12108.856392962503,15231.01511371316,32285.23967090126,-187500.02235174447,-4268.736156074543,8539.416913916697,-12328.752854913815,-8956.813389875102,3123.0304387844135,-187500.02235174447,14282.83176217458
73092.43954329962,50575.850972634675,15180.299005544068,16127.923563471266,-16184.764049621112,-11022.002818823197,13228.656438428932,31997.997402906112,-187500.02235174447,-3186.062358148379,9298.996245741397,-13155.6556410379,-8646.839397768903,3726.5051873332486,-187500.02235174447,11809.052444583469
80705.55546349949,60034.237508086866,16796.844219785242,15157.790798877573,-16762.377829835157,-12692.773365112946,15419.395615982488,33529.62833996157,-187500.02235174447,-3569.506534279172,9152.94994747042,-12153.761047573214,-8493.953465694603,3758.9599202823547,-187500.02235174447,11950.762504430117
77380.4652548391,54801.9847037774,15384.929226032404,15817.793109153881,-16498.604893518077,-11002.199173235795,13820.262410672,31318.034984831214,-187500.02235174447,-4099.801671481332,8581.46054523713,-13101.385605500414,-9071.679004630925,3049.8061239488275,-187500.02235174447,14274.673375448392
74752.95063888439,53220.33056263096,15969.919081916702,15762.561948604816,-16300.411975432871,-11895.844268303426,14149.70477219877,33144.41837601881,-187500.02235174447,-2985.6566173620963,9558.052963978405,-12547.62113662018,-8364.022775175903,4100.204002881527,-187500.02235174447,10631.160215277698
